MIN #    DE(kcal/mol)
    1       -5.530
    2       -1.400
    3        0.000
    4       10.602
    5       12.899
    6       14.775
    7       16.927
    8       26.235
    9       26.612
   10       27.293
   11       28.861
   12       30.026
   13       31.011
   14       31.315
   15       31.860
   16       32.119
   17       32.333
   18       32.444
   19       32.994
   20       33.375
   21       34.507
   22       34.511
   23       35.045
   24       35.365
   25       36.490
   26       37.316
   27       37.421
   28       37.438
   29       37.561
   30       37.614
   31       37.778
   32       38.164
   33       38.916
   34       38.931
   35       40.615
   36       41.121
   37       41.226
   38       41.374
   39       42.138
   40       42.250
   41       43.036
   42       43.472
   43       43.559
   44       45.596
   45       46.588
   46       46.729
   47       47.233
   48       47.607
   49       48.002
   50       48.984
   51       49.149
   52       49.696
   53       49.740
   54       50.325
   55       50.501
   56       50.904
   57       51.284
   58       51.357
   59       51.521
   60       51.636
   61       52.273
   62       52.355
   63       53.308
   64       53.335
   65       53.511
   66       53.515
   67       53.543
   68       54.154
   69       54.204
   70       54.837
   71       55.115
   72       55.202
   73       55.407
   74       55.467
   75       55.603
   76       55.985
   77       56.110
   78       56.439
   79       56.783
   80       56.970
   81       57.026
   82       57.315
   83       57.825
   84       58.052
   85       58.180
   86       58.213
   87       58.218
   88       58.263
   89       58.338
   90       58.377
   91       58.403
   92       58.776
   93       58.860
   94       58.913
   95       58.933
   96       58.973
   97       59.151
   98       59.188
   99       59.191
  100       59.390
  101       59.417
  102       59.485
  103       59.570
  104       59.627
  105       59.656
  106       59.706
  107       59.918
  108       59.995
  109       60.033
  110       60.156
  111       60.265
  112       60.372
  113       60.420
  114       60.427
  115       60.742
  116       60.881
  117       60.948
  118       61.073
  119       61.132
  120       61.205
  121       61.227
  122       61.467
  123       61.505
  124       61.529
  125       61.552
  126       61.563
  127       61.595
  128       61.604
  129       61.706
  130       61.822
  131       61.850
  132       61.882
  133       61.934
  134       61.972
  135       62.030
  136       62.064
  137       62.100
  138       62.281
  139       62.458
  140       62.491
  141       62.578
  142       62.587
  143       62.616
  144       62.708
  145       62.739
  146       62.868
  147       63.005
  148       63.017
  149       63.306
  150       63.371
  151       63.426
  152       63.831
  153       63.841
  154       63.929
  155       63.936
  156       63.943
  157       64.140
  158       64.185
  159       64.262
  160       64.425
  161       64.629
  162       64.711
  163       64.742
  164       64.938
  165       65.180
  166       65.210
  167       65.233
  168       65.240
  169       65.407
  170       65.647
  171       65.845
  172       65.921
  173       66.084
  174       66.120
  175       66.295
  176       66.778
  177       67.083
  178       67.218
  179       67.333
  180       67.831
  181       67.888
  182       67.923
  183       68.182
  184       68.224
  185       68.352
  186       68.872
  187       69.580
  188       69.908
  189       70.019
  190       70.022
  191       70.036
  192       70.341
  193       70.357
  194       70.458
  195       70.570
  196       70.583
  197       70.969
  198       71.180
  199       71.550
  200       71.787
  201       71.844
  202       71.854
  203       72.096
  204       72.176
  205       72.221
  206       72.259
  207       72.662
  208       72.945
  209       72.970
  210       73.217
  211       73.340
  212       73.351
  213       73.596
  214       73.723
  215       74.162
  216       74.185
  217       74.220
  218       74.275
  219       74.411
  220       74.420
  221       74.500
  222       74.570
  223       74.726
  224       74.910
  225       74.947
  226       75.162
  227       75.240
  228       75.308
  229       75.469
  230       75.616
  231       75.703
  232       75.755
  233       75.768
  234       75.776
  235       75.791
  236       75.871
  237       76.029
  238       76.105
  239       76.336
  240       76.351
  241       76.360
  242       76.454
  243       76.619
  244       76.643
  245       76.676
  246       76.926
  247       76.936
  248       76.940
  249       77.031
  250       77.453
  251       77.453
  252       77.574
  253       77.689
  254       78.100
  255       78.223
  256       78.361
  257       78.495
  258       78.741
  259       78.857
  260       78.980
  261       79.042
  262       79.173
  263       79.221
  264       79.271
  265       79.690
  266       79.825
  267       80.143
  268       80.333
  269       80.666
  270       80.735
  271       80.792
  272       81.150
  273       81.185
  274       81.271
  275       81.319
  276       81.433
  277       81.468
  278       81.552
  279       82.233
  280       82.260
  281       82.374
  282       82.520
  283       82.552
  284       82.753
  285       82.963
  286       83.273
  287       83.310
  288       83.330
  289       83.351
  290       83.457
  291       83.592
  292       83.652
  293       83.685
  294       83.817
  295       83.895
  296       83.897
  297       84.002
  298       84.161
  299       84.216
  300       84.246
  301       84.284
  302       84.338
  303       84.515
  304       84.944
  305       84.985
  306       85.191
  307       85.266
  308       85.347
  309       85.659
  310       85.836
  311       85.953
  312       85.970
  313       85.975
  314       86.139
  315       86.166
  316       86.186
  317       86.196
  318       86.323
  319       86.364
  320       86.483
  321       86.815
  322       86.948
  323       86.978
  324       86.992
  325       87.048
  326       87.346
  327       87.351
  328       87.434
  329       87.454
  330       87.468
  331       87.509
  332       87.528
  333       87.612
  334       87.900
  335       87.923
  336       87.932
  337       88.017
  338       88.046
  339       88.087
  340       88.121
  341       88.165
  342       88.247
  343       88.264
  344       88.287
  345       88.335
  346       88.343
  347       88.345
  348       88.385
  349       88.585
  350       88.614
  351       89.196
  352       89.198
  353       89.216
  354       89.286
  355       89.338
  356       89.723
  357       89.760
  358       89.772
  359       89.889
  360       89.930
  361       90.111
  362       90.267
  363       90.268
  364       90.269
  365       90.337
  366       90.361
  367       90.386
  368       90.410
  369       90.428
  370       90.539
  371       90.549
  372       90.583
  373       90.618
  374       90.677
  375       90.717
  376       90.756
  377       90.896
  378       90.956
  379       91.016
  380       91.078
  381       91.092
  382       91.177
  383       91.241
  384       91.271
  385       91.304
  386       91.387
  387       91.388
  388       91.501
  389       91.526
  390       91.640
  391       91.653
  392       91.750
  393       91.819
  394       92.041
  395       92.067
  396       92.218
  397       92.301
  398       92.338
  399       92.403
  400       92.466
  401       92.500
  402       92.523
  403       92.743
  404       92.820
  405       92.878
  406       92.914
  407       92.945
  408       93.013
  409       93.076
  410       93.133
  411       93.280
  412       93.284
  413       93.314
  414       93.345
  415       93.345
  416       93.610
  417       93.649
  418       93.792
  419       93.816
  420       93.868
  421       93.903
  422       93.930
  423       93.990
  424       94.134
  425       94.256
  426       94.407
  427       94.414
  428       94.480
  429       94.525
  430       94.605
  431       94.749
  432       94.827
  433       94.955
  434       94.992
  435       95.143
  436       95.203
  437       95.297
  438       95.311
  439       95.367
  440       95.457
  441       95.506
  442       95.614
  443       95.624
  444       95.900
  445       96.254
  446       96.276
  447       96.298
  448       96.475
  449       96.551
  450       96.656
  451       96.668
  452       96.710
  453       96.718
  454       96.755
  455       96.885
  456       96.985
  457       97.069
  458       97.144
  459       97.171
  460       97.180
  461       97.219
  462       97.290
  463       97.294
  464       97.361
  465       97.366
  466       97.444
  467       97.490
  468       97.633
  469       97.664
  470       97.707
  471       97.712
  472       97.983
  473       98.024
  474       98.034
  475       98.263
  476       98.343
  477       98.345
  478       98.362
  479       98.429
  480       98.434
  481       98.452
  482       98.464
  483       98.471
  484       98.506
  485       98.595
  486       98.737
  487       98.754
  488       98.804
  489       98.884
  490       98.895
  491       98.910
  492       98.959
  493       98.982
  494       99.004
  495       99.140
  496       99.257
  497       99.299
  498       99.369
  499       99.372
  500       99.422
  501       99.456
  502       99.489
  503       99.522
  504       99.554
  505       99.561
  506       99.563
  507       99.667
  508       99.678
  509       99.754
  510       99.877
  511       99.903
  512      100.057
  513      100.163
  514      100.172
  515      100.175
  516      100.194
  517      100.219
  518      100.329
  519      100.333
  520      100.340
  521      100.348
  522      100.360
  523      100.385
  524      100.418
  525      100.521
  526      100.574
  527      100.592
  528      100.727
  529      100.763
  530      100.804
  531      100.950
  532      100.977
  533      101.022
  534      101.054
  535      101.214
  536      101.255
  537      101.255
  538      101.268
  539      101.308
  540      101.333
  541      101.370
  542      101.390
  543      101.402
  544      101.519
  545      101.575
  546      101.582
  547      101.616
  548      101.672
  549      101.685
  550      101.769
  551      101.827
  552      101.830
  553      101.841
  554      101.938
  555      101.951
  556      102.000
  557      102.047
  558      102.063
  559      102.167
  560      102.210
  561      102.213
  562      102.359
  563      102.389
  564      102.410
  565      102.432
  566      102.474
  567      102.541
  568      102.648
  569      102.685
  570      102.777
  571      102.792
  572      102.882
  573      102.947
  574      102.968
  575      102.975
  576      103.002
  577      103.030
  578      103.049
  579      103.067
  580      103.151
  581      103.177
  582      103.214
  583      103.231
  584      103.313
  585      103.323
  586      103.406
  587      103.439
  588      103.486
  589      103.500
  590      103.632
  591      103.681
  592      103.683
  593      103.685
  594      103.727
  595      103.740
  596      103.819
  597      103.836
  598      103.912
  599      103.976
  600      104.065
  601      104.084
  602      104.110
  603      104.149
  604      104.170
  605      104.201
  606      104.275
  607      104.439
  608      104.467
  609      104.470
  610      104.514
  611      104.541
  612      104.543
  613      104.568
  614      104.641
  615      104.644
  616      104.721
  617      104.807
  618      104.855
  619      104.887
  620      104.911
  621      104.914
  622      104.980
  623      105.047
  624      105.072
  625      105.077
  626      105.111
  627      105.155
  628      105.173
  629      105.188
  630      105.270
  631      105.285
  632      105.301
  633      105.324
  634      105.375
  635      105.408
  636      105.415
  637      105.626
  638      105.737
  639      105.761
  640      105.807
  641      105.949
  642      105.966
  643      106.169
  644      106.210
  645      106.243
  646      106.251
  647      106.253
  648      106.273
  649      106.274
  650      106.292
  651      106.337
  652      106.373
  653      106.438
  654      106.454
  655      106.471
  656      106.487
  657      106.495
  658      106.508
  659      106.533
  660      106.535
  661      106.640
  662      106.646
  663      106.666
  664      106.685
  665      106.748
  666      106.837
  667      106.844
  668      106.907
  669      106.931
  670      106.967
  671      107.115
  672      107.173
  673      107.179
  674      107.257
  675      107.403
  676      107.420
  677      107.433
  678      107.439
  679      107.502
  680      107.537
  681      107.574
  682      107.582
  683      107.591
  684      107.602
  685      107.609
  686      107.680
  687      107.752
  688      107.777
  689      107.787
  690      107.846
  691      107.860
  692      107.880
  693      107.899
  694      107.934
  695      108.004
  696      108.008
  697      108.020
  698      108.032
  699      108.043
  700      108.066
  701      108.074
  702      108.105
  703      108.156
  704      108.251
  705      108.255
  706      108.275
  707      108.276
  708      108.287
  709      108.318
  710      108.373
  711      108.400
  712      108.426
  713      108.453
  714      108.462
  715      108.524
  716      108.546
  717      108.551
  718      108.553
  719      108.563
  720      108.610
  721      108.617
  722      108.890
  723      108.917
  724      108.974
  725      109.001
  726      109.052
  727      109.157
  728      109.219
  729      109.279
  730      109.288
  731      109.329
  732      109.350
  733      109.466
  734      109.530
  735      109.559
  736      109.570
  737      109.596
  738      109.616
  739      109.637
  740      109.669
  741      109.732
  742      109.854
  743      109.867
  744      109.870
  745      109.905
  746      109.925
  747      109.935
  748      109.973
  749      110.000
  750      110.039
  751      110.049
  752      110.089
  753      110.091
  754      110.166
  755      110.172
  756      110.179
  757      110.181
  758      110.193
  759      110.224
  760      110.260
  761      110.328
  762      110.360
  763      110.389
  764      110.417
  765      110.423
  766      110.427
  767      110.457
  768      110.541
  769      110.548
  770      110.613
  771      110.640
  772      110.685
  773      110.729
  774      110.738
  775      110.815
  776      110.852
  777      110.857
  778      110.901
  779      110.979
  780      111.029
  781      111.077
  782      111.104
  783      111.297
  784      111.307
  785      111.309
  786      111.407
  787      111.509
  788      111.519
  789      111.526
  790      111.575
  791      111.610
  792      111.660
  793      111.705
  794      111.720
  795      111.735
  796      111.841
  797      111.856
  798      111.858
  799      111.869
  800      111.941
  801      111.970
  802      111.992
  803      112.011
  804      112.026
  805      112.055
  806      112.089
  807      112.095
  808      112.099
  809      112.131
  810      112.133
  811      112.133
  812      112.143
  813      112.148
  814      112.150
  815      112.194
  816      112.218
  817      112.223
  818      112.235
  819      112.315
  820      112.315
  821      112.369
  822      112.376
  823      112.439
  824      112.441
  825      112.444
  826      112.456
  827      112.488
  828      112.488
  829      112.513
  830      112.584
  831      112.685
  832      112.726
  833      112.751
  834      112.817
  835      112.846
  836      112.880
  837      112.897
  838      112.925
  839      113.001
  840      113.057
  841      113.137
  842      113.152
  843      113.156
  844      113.164
  845      113.182
  846      113.194
  847      113.221
  848      113.306
  849      113.311
  850      113.377
  851      113.438
  852      113.551
  853      113.713
  854      113.727
  855      113.794
  856      113.836
  857      113.893
  858      113.917
  859      113.925
  860      113.929
  861      113.988
  862      113.995
  863      114.035
  864      114.040
  865      114.107
  866      114.108
  867      114.114
  868      114.125
  869      114.134
  870      114.199
  871      114.204
  872      114.257
  873      114.268
  874      114.296
  875      114.330
  876      114.360
  877      114.363
  878      114.395
  879      114.413
  880      114.424
  881      114.499
  882      114.504
  883      114.550
  884      114.555
  885      114.572
  886      114.623
  887      114.632
  888      114.652
  889      114.653
  890      114.661
  891      114.722
  892      114.731
  893      114.760
  894      114.787
  895      114.805
  896      114.875
  897      114.884
  898      114.916
  899      114.977
  900      114.984
  901      114.995
  902      115.033
  903      115.047
  904      115.178
  905      115.342
  906      115.349
  907      115.377
  908      115.427
  909      115.451
  910      115.457
  911      115.470
  912      115.500
  913      115.525
  914      115.590
  915      115.598
  916      115.669
  917      115.687
  918      115.694
  919      115.799
  920      115.880
  921      115.912
  922      115.950
  923      115.972
  924      115.982
  925      116.017
  926      116.126
  927      116.167
  928      116.179
  929      116.210
  930      116.241
  931      116.423
  932      116.504
  933      116.651
  934      116.718
  935      116.736
  936      116.740
  937      116.774
  938      116.780
  939      116.974
  940      116.980
  941      116.992
  942      117.220
  943      117.262
  944      117.310
  945      117.322
  946      117.354
  947      117.375
  948      117.382
  949      117.413
  950      117.425
  951      117.445
  952      117.457
  953      117.461
  954      117.463
  955      117.464
  956      117.499
  957      117.598
  958      117.621
  959      117.661
  960      117.692
  961      117.707
  962      117.810
  963      117.812
  964      117.866
  965      117.904
  966      117.924
  967      117.937
  968      117.939
  969      117.978
  970      118.010
  971      118.015
  972      118.137
  973      118.192
  974      118.207
  975      118.213
  976      118.264
  977      118.284
  978      118.285
  979      118.372
  980      118.465
  981      118.546
  982      118.631
  983      118.693
  984      118.698
  985      118.736
  986      118.767
  987      118.772
  988      118.792
  989      118.922
  990      118.922
  991      119.026
  992      119.098
  993      119.115
  994      119.140
  995      119.149
  996      119.287
  997      119.315
  998      119.316
  999      119.358
 1000      119.362
 1001      119.398
 1002      119.411
 1003      119.417
 1004      119.445
 1005      119.448
 1006      119.489
 1007      119.496
 1008      119.517
 1009      119.535
 1010      119.606
 1011      119.790
 1012      119.805
 1013      119.813
 1014      119.820
 1015      119.848
 1016      119.849
 1017      119.870
 1018      119.885
 1019      119.974
 1020      119.983
 1021      120.024
 1022      120.061
 1023      120.160
 1024      120.252
 1025      120.305
 1026      120.334
 1027      120.349
 1028      120.390
 1029      120.392
 1030      120.468
 1031      120.499
 1032      120.543
 1033      120.613
 1034      120.651
 1035      120.662
 1036      120.671
 1037      120.685
 1038      120.736
 1039      120.752
 1040      120.764
 1041      120.767
 1042      120.771
 1043      120.839
 1044      120.917
 1045      121.019
 1046      121.022
 1047      121.124
 1048      121.141
 1049      121.170
 1050      121.215
 1051      121.247
 1052      121.270
 1053      121.319
 1054      121.379
 1055      121.394
 1056      121.409
 1057      121.474
 1058      121.479
 1059      121.492
 1060      121.538
 1061      121.570
 1062      121.598
 1063      121.680
 1064      121.687
 1065      121.692
 1066      121.721
 1067      121.722
 1068      121.760
 1069      121.804
 1070      121.825
 1071      121.964
 1072      121.971
 1073      122.002
 1074      122.033
 1075      122.070
 1076      122.129
 1077      122.131
 1078      122.166
 1079      122.171
 1080      122.248
 1081      122.282
 1082      122.304
 1083      122.330
 1084      122.348
 1085      122.387
 1086      122.399
 1087      122.422
 1088      122.475
 1089      122.482
 1090      122.526
 1091      122.574
 1092      122.673
 1093      122.715
 1094      122.730
 1095      122.900
 1096      122.931
 1097      123.065
 1098      123.161
 1099      123.179
 1100      123.186
 1101      123.195
 1102      123.199
 1103      123.201
 1104      123.207
 1105      123.327
 1106      123.390
 1107      123.392
 1108      123.422
 1109      123.466
 1110      123.513
 1111      123.538
 1112      123.543
 1113      123.638
 1114      123.644
 1115      123.656
 1116      123.699
 1117      123.714
 1118      123.744
 1119      123.779
 1120      123.814
 1121      123.916
 1122      123.936
 1123      124.050
 1124      124.075
 1125      124.089
 1126      124.141
 1127      124.160
 1128      124.200
 1129      124.233
 1130      124.335
 1131      124.415
 1132      124.424
 1133      124.489
 1134      124.508
 1135      124.556
 1136      124.579
 1137      124.644
 1138      124.672
 1139      124.672
 1140      124.706
 1141      124.712
 1142      124.741
 1143      124.757
 1144      124.774
 1145      124.776
 1146      124.783
 1147      124.787
 1148      124.792
 1149      124.799
 1150      124.804
 1151      124.823
 1152      124.829
 1153      124.851
 1154      124.885
 1155      124.889
 1156      124.919
 1157      125.008
 1158      125.179
 1159      125.211
 1160      125.247
 1161      125.314
 1162      125.327
 1163      125.388
 1164      125.389
 1165      125.495
 1166      125.502
 1167      125.639
 1168      125.675
 1169      125.752
 1170      125.884
 1171      125.892
 1172      125.902
 1173      125.917
 1174      125.975
 1175      126.054
 1176      126.174
 1177      126.207
 1178      126.214
 1179      126.289
 1180      126.306
 1181      126.314
 1182      126.323
 1183      126.323
 1184      126.370
 1185      126.438
 1186      126.451
 1187      126.559
 1188      126.567
 1189      126.611
 1190      126.635
 1191      126.798
 1192      126.832
 1193      126.845
 1194      126.846
 1195      126.858
 1196      126.952
 1197      127.098
 1198      127.103
 1199      127.155
 1200      127.201
 1201      127.241
 1202      127.277
 1203      127.293
 1204      127.398
 1205      127.405
 1206      127.428
 1207      127.470
 1208      127.507
 1209      127.543
 1210      127.558
 1211      127.581
 1212      127.626
 1213      127.869
 1214      127.880
 1215      127.930
 1216      127.936
 1217      127.987
 1218      128.077
 1219      128.102
 1220      128.114
 1221      128.124
 1222      128.143
 1223      128.157
 1224      128.179
 1225      128.180
 1226      128.181
 1227      128.188
 1228      128.205
 1229      128.216
 1230      128.237
 1231      128.292
 1232      128.299
 1233      128.336
 1234      128.348
 1235      128.456
 1236      128.464
 1237      128.474
 1238      128.484
 1239      128.541
 1240      128.599
 1241      128.641
 1242      128.643
 1243      128.680
 1244      128.710
 1245      128.715
 1246      128.800
 1247      128.827
 1248      128.873
 1249      128.905
 1250      128.910
 1251      128.913
 1252      128.919
 1253      128.928
 1254      128.932
 1255      129.033
 1256      129.096
 1257      129.146
 1258      129.244
 1259      129.274
 1260      129.311
 1261      129.366
 1262      129.368
 1263      129.380
 1264      129.380
 1265      129.386
 1266      129.411
 1267      129.518
 1268      129.563
 1269      129.584
 1270      129.662
 1271      129.703
 1272      129.799
 1273      129.832
 1274      129.840
 1275      129.847
 1276      129.854
 1277      129.860
 1278      129.965
 1279      129.965
 1280      129.980
 1281      129.993
 1282      130.009
 1283      130.056
 1284      130.075
 1285      130.079
 1286      130.130
 1287      130.136
 1288      130.160
 1289      130.182
 1290      130.185
 1291      130.214
 1292      130.240
 1293      130.306
 1294      130.335
 1295      130.420
 1296      130.427
 1297      130.625
 1298      130.672
 1299      130.791
 1300      130.814
 1301      130.856
 1302      130.866
 1303      130.956
 1304      130.961
 1305      130.994
 1306      131.202
 1307      131.254
 1308      131.329
 1309      131.329
 1310      131.356
 1311      131.390
 1312      131.392
 1313      131.475
 1314      131.506
 1315      131.546
 1316      131.587
 1317      131.604
 1318      131.664
 1319      131.681
 1320      131.684
 1321      131.695
 1322      131.744
 1323      131.744
 1324      131.774
 1325      131.790
 1326      131.823
 1327      131.895
 1328      131.904
 1329      131.935
 1330      131.955
 1331      131.994
 1332      131.999
 1333      132.002
 1334      132.046
 1335      132.050
 1336      132.115
 1337      132.123
 1338      132.140
 1339      132.155
 1340      132.217
 1341      132.218
 1342      132.220
 1343      132.226
 1344      132.230
 1345      132.243
 1346      132.295
 1347      132.382
 1348      132.392
 1349      132.416
 1350      132.432
 1351      132.443
 1352      132.450
 1353      132.489
 1354      132.616
 1355      132.651
 1356      132.667
 1357      132.695
 1358      132.700
 1359      132.718
 1360      132.719
 1361      132.738
 1362      132.786
 1363      132.791
 1364      132.975
 1365      132.980
 1366      132.988
 1367      133.035
 1368      133.136
 1369      133.163
 1370      133.220
 1371      133.286
 1372      133.429
 1373      133.460
 1374      133.477
 1375      133.550
 1376      133.562
 1377      133.665
 1378      133.671
 1379      133.718
 1380      133.728
 1381      133.758
 1382      133.763
 1383      133.771
 1384      133.797
 1385      133.907
 1386      133.936
 1387      133.956
 1388      134.052
 1389      134.125
 1390      134.164
 1391      134.168
 1392      134.177
 1393      134.188
 1394      134.191
 1395      134.225
 1396      134.260
 1397      134.338
 1398      134.343
 1399      134.347
 1400      134.414
 1401      134.446
 1402      134.449
 1403      134.470
 1404      134.491
 1405      134.587
 1406      134.700
 1407      134.709
 1408      134.716
 1409      134.766
 1410      134.794
 1411      134.812
 1412      134.842
 1413      134.848
 1414      134.876
 1415      134.898
 1416      134.907
 1417      134.908
 1418      134.955
 1419      134.962
 1420      134.984
 1421      135.032
 1422      135.038
 1423      135.102
 1424      135.103
 1425      135.126
 1426      135.223
 1427      135.234
 1428      135.287
 1429      135.289
 1430      135.323
 1431      135.356
 1432      135.372
 1433      135.383
 1434      135.388
 1435      135.464
 1436      135.501
 1437      135.509
 1438      135.571
 1439      135.620
 1440      135.630
 1441      135.661
 1442      135.667
 1443      135.793
 1444      135.861
 1445      135.944
 1446      135.965
 1447      136.062
 1448      136.119
 1449      136.167
 1450      136.174
 1451      136.220
 1452      136.224
 1453      136.232
 1454      136.240
 1455      136.241
 1456      136.320
 1457      136.339
 1458      136.456
 1459      136.484
 1460      136.498
 1461      136.520
 1462      136.658
 1463      136.665
 1464      136.673
 1465      136.680
 1466      136.699
 1467      136.703
 1468      136.709
 1469      136.965
 1470      137.001
 1471      137.003
 1472      137.027
 1473      137.051
 1474      137.077
 1475      137.114
 1476      137.169
 1477      137.259
 1478      137.288
 1479      137.299
 1480      137.336
 1481      137.403
 1482      137.404
 1483      137.413
 1484      137.522
 1485      137.536
 1486      137.626
 1487      137.636
 1488      137.643
 1489      137.662
 1490      137.692
 1491      137.721
 1492      137.721
 1493      137.750
 1494      137.772
 1495      137.786
 1496      137.816
 1497      137.857
 1498      137.972
 1499      137.981
 1500      138.046
 1501      138.053
 1502      138.094
 1503      138.138
 1504      138.165
 1505      138.204
 1506      138.213
 1507      138.247
 1508      138.275
 1509      138.289
 1510      138.342
 1511      138.345
 1512      138.391
 1513      138.443
 1514      138.488
 1515      138.494
 1516      138.528
 1517      138.595
 1518      138.657
 1519      138.695
 1520      138.698
 1521      138.715
 1522      138.764
 1523      138.774
 1524      138.808
 1525      138.883
 1526      138.899
 1527      138.951
 1528      138.991
 1529      139.047
 1530      139.079
 1531      139.173
 1532      139.260
 1533      139.364
 1534      139.378
 1535      139.390
 1536      139.394
 1537      139.396
 1538      139.481
 1539      139.492
 1540      139.524
 1541      139.550
 1542      139.596
 1543      139.608
 1544      139.644
 1545      139.648
 1546      139.662
 1547      139.858
 1548      139.873
 1549      139.892
 1550      139.922
 1551      139.922
 1552      139.927
 1553      140.016
 1554      140.031
 1555      140.049
 1556      140.070
 1557      140.211
 1558      140.270
 1559      140.510
 1560      140.610
 1561      140.661
 1562      140.779
 1563      140.782
 1564      140.798
 1565      141.024
 1566      141.067
 1567      141.077
 1568      141.094
 1569      141.263
 1570      141.289
 1571      141.360
 1572      141.419
 1573      141.424
 1574      141.686
 1575      141.745
 1576      141.748
 1577      141.849
 1578      142.095
 1579      142.129
 1580      142.141
 1581      142.152
 1582      142.256
 1583      142.295
 1584      142.313
 1585      142.329
 1586      142.350
 1587      142.360
 1588      142.452
 1589      142.470
 1590      142.569
 1591      142.589
 1592      142.593
 1593      142.645
 1594      142.653
 1595      142.667
 1596      142.686
 1597      142.691
 1598      142.776
 1599      142.811
 1600      142.875
 1601      142.918
 1602      143.054
 1603      143.064
 1604      143.122
 1605      143.455
 1606      143.645
 1607      143.648
 1608      143.769
 1609      143.942
 1610      144.036
 1611      144.080
 1612      144.304
 1613      144.437
 1614      144.470
 1615      144.500
 1616      144.552
 1617      144.590
 1618      144.599
 1619      144.661
 1620      144.725
 1621      144.726
 1622      144.804
 1623      144.821
 1624      144.847
 1625      144.857
 1626      145.066
 1627      145.067
 1628      145.127
 1629      145.169
 1630      145.282
 1631      145.313
 1632      145.324
 1633      145.364
 1634      145.371
 1635      145.420
 1636      145.455
 1637      145.537
 1638      145.559
 1639      145.628
 1640      145.711
 1641      145.720
 1642      145.751
 1643      145.759
 1644      145.813
 1645      145.824
 1646      145.831
 1647      145.942
 1648      146.035
 1649      146.107
 1650      146.192
 1651      146.195
 1652      146.246
 1653      146.249
 1654      146.294
 1655      146.299
 1656      146.396
 1657      146.486
 1658      146.487
 1659      146.493
 1660      146.533
 1661      146.545
 1662      146.580
 1663      146.774
 1664      146.825
 1665      146.948
 1666      146.972
 1667      146.982
 1668      147.043
 1669      147.082
 1670      147.133
 1671      147.136
 1672      147.146
 1673      147.159
 1674      147.164
 1675      147.208
 1676      147.227
 1677      147.388
 1678      147.397
 1679      147.410
 1680      147.415
 1681      147.548
 1682      147.559
 1683      147.586
 1684      147.589
 1685      147.589
 1686      147.613
 1687      147.661
 1688      147.725
 1689      147.734
 1690      147.828
 1691      147.887
 1692      147.929
 1693      147.940
 1694      147.968
 1695      148.012
 1696      148.040
 1697      148.055
 1698      148.066
 1699      148.140
 1700      148.166
 1701      148.239
 1702      148.287
 1703      148.392
 1704      148.392
 1705      148.438
 1706      148.611
 1707      148.672
 1708      148.741
 1709      148.780
 1710      148.828
 1711      148.839
 1712      148.870
 1713      148.889
 1714      148.898
 1715      148.931
 1716      149.032
 1717      149.036
 1718      149.058
 1719      149.065
 1720      149.098
 1721      149.101
 1722      149.131
 1723      149.136
 1724      149.155
 1725      149.176
 1726      149.216
 1727      149.459
 1728      149.483
 1729      149.508
 1730      149.538
 1731      149.568
 1732      149.750
 1733      149.754
 1734      149.788
 1735      149.798
 1736      149.802
 1737      149.832
 1738      149.976
 1739      150.057
 1740      150.083
 1741      150.139
 1742      150.232
 1743      150.302
 1744      150.357
 1745      150.556
 1746      150.610
 1747      150.615
 1748      150.730
 1749      150.758
 1750      150.971
 1751      151.007
 1752      151.271
 1753      151.307
 1754      151.439
 1755      151.448
 1756      151.452
 1757      151.513
 1758      151.526
 1759      151.589
 1760      151.634
 1761      151.707
 1762      151.774
 1763      151.836
 1764      151.937
 1765      151.945
 1766      152.055
 1767      152.088
 1768      152.159
 1769      152.196
 1770      152.264
 1771      152.272
 1772      152.303
 1773      152.332
 1774      152.392
 1775      152.400
 1776      152.430
 1777      152.447
 1778      152.500
 1779      152.515
 1780      152.519
 1781      152.668
 1782      152.715
 1783      152.717
 1784      152.779
 1785      152.801
 1786      152.858
 1787      152.926
 1788      153.066
 1789      153.067
 1790      153.088
 1791      153.164
 1792      153.193
 1793      153.219
 1794      153.224
 1795      153.459
 1796      153.460
 1797      153.483
 1798      153.498
 1799      153.813
 1800      153.916
 1801      153.957
 1802      154.022
 1803      154.052
 1804      154.086
 1805      154.097
 1806      154.114
 1807      154.145
 1808      154.197
 1809      154.358
 1810      154.388
 1811      154.436
 1812      154.497
 1813      154.554
 1814      154.595
 1815      154.707
 1816      154.735
 1817      154.748
 1818      154.750
 1819      154.763
 1820      154.851
 1821      154.917
 1822      154.946
 1823      155.099
 1824      155.116
 1825      155.149
 1826      155.242
 1827      155.250
 1828      155.344
 1829      155.385
 1830      155.421
 1831      155.472
 1832      155.494
 1833      155.583
 1834      155.595
 1835      155.603
 1836      155.689
 1837      155.896
 1838      156.004
 1839      156.025
 1840      156.174
 1841      156.216
 1842      156.218
 1843      156.252
 1844      156.254
 1845      156.269
 1846      156.311
 1847      156.350
 1848      156.369
 1849      156.532
 1850      156.579
 1851      156.644
 1852      156.675
 1853      156.783
 1854      156.844
 1855      156.895
 1856      156.911
 1857      156.923
 1858      156.954
 1859      156.975
 1860      157.089
 1861      157.117
 1862      157.286
 1863      157.365
 1864      157.384
 1865      157.441
 1866      157.462
 1867      157.507
 1868      157.540
 1869      157.585
 1870      157.639
 1871      157.658
 1872      157.691
 1873      157.704
 1874      157.795
 1875      157.904
 1876      157.939
 1877      157.961
 1878      158.009
 1879      158.019
 1880      158.035
 1881      158.061
 1882      158.065
 1883      158.099
 1884      158.102
 1885      158.132
 1886      158.190
 1887      158.232
 1888      158.355
 1889      158.623
 1890      158.669
 1891      158.732
 1892      158.759
 1893      158.826
 1894      158.853
 1895      158.854
 1896      158.905
 1897      158.918
 1898      158.987
 1899      159.016
 1900      159.203
 1901      159.363
 1902      159.372
 1903      159.461
 1904      159.462
 1905      159.516
 1906      159.564
 1907      159.582
 1908      159.593
 1909      159.714
 1910      159.772
 1911      159.797
 1912      159.811
 1913      159.928
 1914      159.952
 1915      159.954
 1916      159.966
 1917      159.983
 1918      159.996
 1919      160.014
 1920      160.101
 1921      160.119
 1922      160.170
 1923      160.171
 1924      160.192
 1925      160.211
 1926      160.218
 1927      160.239
 1928      160.259
 1929      160.395
 1930      160.565
 1931      160.643
 1932      160.722
 1933      160.789
 1934      160.794
 1935      160.808
 1936      160.814
 1937      160.868
 1938      160.966
 1939      160.998
 1940      161.064
 1941      161.088
 1942      161.144
 1943      161.181
 1944      161.186
 1945      161.221
 1946      161.237
 1947      161.299
 1948      161.396
 1949      161.496
 1950      161.509
 1951      161.536
 1952      161.598
 1953      161.632
 1954      161.685
 1955      161.830
 1956      161.881
 1957      161.903
 1958      161.925
 1959      161.931
 1960      161.964
 1961      162.105
 1962      162.140
 1963      162.163
 1964      162.281
 1965      162.303
 1966      162.321
 1967      162.500
 1968      162.540
 1969      162.610
 1970      162.621
 1971      162.636
 1972      162.801
 1973      162.836
 1974      162.869
 1975      162.942
 1976      162.949
 1977      162.956
 1978      162.987
 1979      163.027
 1980      163.068
 1981      163.209
 1982      163.314
 1983      163.361
 1984      163.408
 1985      163.417
 1986      163.534
 1987      163.537
 1988      163.544
 1989      163.573
 1990      163.648
 1991      163.662
 1992      163.825
 1993      164.023
 1994      164.041
 1995      164.045
 1996      164.090
 1997      164.094
 1998      164.107
 1999      164.109
 2000      164.143
 2001      164.214
 2002      164.284
 2003      164.288
 2004      164.305
 2005      164.407
 2006      164.437
 2007      164.452
 2008      164.531
 2009      164.539
 2010      164.591
 2011      164.617
 2012      164.671
 2013      164.744
 2014      164.797
 2015      164.855
 2016      164.856
 2017      164.917
 2018      164.946
 2019      164.998
 2020      165.062
 2021      165.101
 2022      165.160
 2023      165.226
 2024      165.243
 2025      165.288
 2026      165.290
 2027      165.351
 2028      165.375
 2029      165.379
 2030      165.531
 2031      165.554
 2032      165.658
 2033      165.759
 2034      165.779
 2035      165.785
 2036      165.801
 2037      165.853
 2038      165.897
 2039      165.915
 2040      165.933
 2041      165.948
 2042      166.033
 2043      166.150
 2044      166.276
 2045      166.442
 2046      166.542
 2047      166.630
 2048      166.674
 2049      166.702
 2050      166.710
 2051      166.783
 2052      166.847
 2053      166.887
 2054      166.921
 2055      166.946
 2056      166.987
 2057      167.004
 2058      167.072
 2059      167.083
 2060      167.169
 2061      167.303
 2062      167.330
 2063      167.367
 2064      167.410
 2065      167.473
 2066      167.476
 2067      167.525
 2068      167.576
 2069      167.618
 2070      167.654
 2071      167.680
 2072      167.691
 2073      167.740
 2074      167.807
 2075      167.818
 2076      167.878
 2077      167.952
 2078      168.017
 2079      168.033
 2080      168.119
 2081      168.222
 2082      168.230
 2083      168.244
 2084      168.398
 2085      168.446
 2086      168.641
 2087      168.644
 2088      168.648
 2089      168.737
 2090      168.762
 2091      168.804
 2092      168.810
 2093      168.865
 2094      168.889
 2095      168.910
 2096      168.963
 2097      168.988
 2098      169.004
 2099      169.005
 2100      169.045
 2101      169.054
 2102      169.136
 2103      169.260
 2104      169.264
 2105      169.271
 2106      169.282
 2107      169.335
 2108      169.373
 2109      169.389
 2110      169.395
 2111      169.463
 2112      169.475
 2113      169.573
 2114      169.795
 2115      169.949
 2116      169.974
 2117      170.027
 2118      170.162
 2119      170.258
 2120      170.323
 2121      170.489
 2122      170.539
 2123      170.693
 2124      170.787
 2125      170.987
 2126      171.063
 2127      171.089
 2128      171.175
 2129      171.180
 2130      171.244
 2131      171.245
 2132      171.267
 2133      171.299
 2134      171.451
 2135      171.596
 2136      171.599
 2137      171.659
 2138      171.855
 2139      171.873
 2140      172.077
 2141      172.417
 2142      172.503
 2143      172.555
 2144      172.654
 2145      172.654
 2146      172.734
 2147      172.822
 2148      172.825
 2149      172.858
 2150      172.878
 2151      173.063
 2152      173.064
 2153      173.082
 2154      173.147
 2155      173.193
 2156      173.249
 2157      173.297
 2158      173.298
 2159      173.309
 2160      173.382
 2161      173.445
 2162      173.535
 2163      173.561
 2164      173.763
 2165      173.950
 2166      174.043
 2167      174.120
 2168      174.126
 2169      174.132
 2170      174.223
 2171      174.334
 2172      174.338
 2173      174.471
 2174      174.522
 2175      174.574
 2176      174.577
 2177      174.615
 2178      174.621
 2179      174.796
 2180      174.835
 2181      174.944
 2182      175.225
 2183      175.252
 2184      175.285
 2185      175.448
 2186      175.523
 2187      175.529
 2188      175.627
 2189      175.770
 2190      175.833
 2191      175.905
 2192      175.971
 2193      175.978
 2194      176.025
 2195      176.087
 2196      176.108
 2197      176.144
 2198      176.225
 2199      176.227
 2200      176.271
 2201      176.319
 2202      176.345
 2203      176.371
 2204      176.413
 2205      176.426
 2206      176.489
 2207      176.732
 2208      176.770
 2209      176.799
 2210      176.856
 2211      177.016
 2212      177.065
 2213      177.261
 2214      177.296
 2215      177.489
 2216      177.503
 2217      177.548
 2218      177.635
 2219      177.712
 2220      177.787
 2221      177.798
 2222      177.812
 2223      177.867
 2224      177.873
 2225      177.981
 2226      177.981
 2227      177.983
 2228      177.988
 2229      177.993
 2230      178.183
 2231      178.190
 2232      178.212
 2233      178.228
 2234      178.277
 2235      178.310
 2236      178.366
 2237      178.410
 2238      178.423
 2239      178.432
 2240      178.442
 2241      178.457
 2242      178.473
 2243      178.494
 2244      178.499
 2245      178.517
 2246      178.567
 2247      178.708
 2248      178.749
 2249      178.774
 2250      178.806
 2251      178.890
 2252      178.898
 2253      178.921
 2254      179.072
 2255      179.074
 2256      179.139
 2257      179.175
 2258      179.264
 2259      179.293
 2260      179.412
 2261      179.570
 2262      179.593
 2263      179.700
 2264      179.712
 2265      179.781
 2266      179.800
 2267      179.852
 2268      179.962
 2269      180.051
 2270      180.131
 2271      180.175
 2272      180.295
 2273      180.345
 2274      180.438
 2275      180.490
 2276      180.518
 2277      180.535
 2278      180.564
 2279      180.572
 2280      180.647
 2281      180.692
 2282      180.766
 2283      180.906
 2284      180.984
 2285      180.990
 2286      181.143
 2287      181.186
 2288      181.214
 2289      181.278
 2290      181.624
 2291      181.670
 2292      181.791
 2293      181.808
 2294      181.957
 2295      182.063
 2296      182.064
 2297      182.157
 2298      182.275
 2299      182.285
 2300      182.301
 2301      182.384
 2302      182.537
 2303      182.561
 2304      182.645
 2305      182.759
 2306      182.875
 2307      182.986
 2308      183.062
 2309      183.157
 2310      183.205
 2311      183.362
 2312      183.370
 2313      183.451
 2314      183.476
 2315      183.614
 2316      183.718
 2317      183.867
 2318      183.868
 2319      183.954
 2320      184.039
 2321      184.050
 2322      184.091
 2323      184.099
 2324      184.201
 2325      184.230
 2326      184.330
 2327      184.357
 2328      184.560
 2329      184.572
 2330      184.755
 2331      184.763
 2332      184.837
 2333      184.951
 2334      185.008
 2335      185.126
 2336      185.346
 2337      185.439
 2338      185.489
 2339      185.662
 2340      185.732
 2341      185.767
 2342      185.813
 2343      185.821
 2344      185.827
 2345      185.995
 2346      186.117
 2347      186.417
 2348      186.471
 2349      186.503
 2350      186.603
 2351      186.728
 2352      186.755
 2353      186.835
 2354      186.883
 2355      186.918
 2356      186.990
 2357      187.074
 2358      187.078
 2359      187.101
 2360      187.173
 2361      187.405
 2362      187.409
 2363      187.445
 2364      187.582
 2365      187.648
 2366      187.702
 2367      187.711
 2368      187.808
 2369      187.868
 2370      188.204
 2371      188.241
 2372      188.450
 2373      188.547
 2374      188.571
 2375      188.927
 2376      189.079
 2377      189.119
 2378      189.135
 2379      189.156
 2380      189.197
 2381      189.235
 2382      189.295
 2383      189.593
 2384      189.783
 2385      189.786
 2386      189.859
 2387      190.126
 2388      190.178
 2389      190.273
 2390      190.291
 2391      190.306
 2392      190.364
 2393      190.491
 2394      190.570
 2395      190.677
 2396      190.979
 2397      191.005
 2398      191.017
 2399      191.470
 2400      191.608
 2401      191.635
 2402      191.728
 2403      191.747
 2404      191.819
 2405      191.870
 2406      191.872
 2407      192.016
 2408      192.288
 2409      192.428
 2410      192.488
 2411      192.677
 2412      192.718
 2413      192.904
 2414      192.931
 2415      192.953
 2416      192.990
 2417      193.064
 2418      193.088
 2419      193.117
 2420      193.376
 2421      193.405
 2422      193.594
 2423      193.686
 2424      193.763
 2425      193.770
 2426      193.799
 2427      193.981
 2428      194.112
 2429      194.729
 2430      194.736
 2431      195.453
 2432      195.575
 2433      195.705
 2434      195.739
 2435      196.029
 2436      196.096
 2437      196.261
 2438      196.489
 2439      196.619
 2440      196.671
 2441      196.721
 2442      196.890
 2443      197.009
 2444      197.325
 2445      197.431
 2446      197.434
 2447      197.516
 2448      197.840
 2449      197.843
 2450      197.988
 2451      198.526
 2452      198.655
 2453      198.751
 2454      198.756
 2455      199.028
 2456      199.118
 2457      199.319
 2458      199.565
 2459      199.620
 2460      199.725
 2461      199.879
 2462      199.917
 2463      199.953
 2464      200.031
 2465      200.138
 2466      200.563
 2467      200.701
 2468      201.150
 2469      201.269
 2470      201.484
 2471      201.634
 2472      201.813
 2473      201.956
 2474      202.627
 2475      202.754
 2476      202.822
 2477      202.928
 2478      203.023
 2479      203.033
 2480      203.221
 2481      203.245
 2482      203.249
 2483      203.249
 2484      203.486
 2485      203.530
 2486      203.552
 2487      203.782
 2488      204.171
 2489      204.186
 2490      204.487
 2491      204.498
 2492      204.576
 2493      205.254
 2494      205.536
 2495      205.614
 2496      206.319
 2497      207.153
 2498      207.491
 2499      207.654
 2500      207.998
 2501      208.017
 2502      208.079
 2503      208.096
 2504      208.191
 2505      208.551
 2506      209.182
 2507      209.334
 2508      209.341
 2509      209.550
 2510      209.624
 2511      210.212
 2512      210.301
 2513      210.692
 2514      210.871
 2515      210.935
 2516      210.978
 2517      211.385
 2518      211.592
 2519      211.726
 2520      211.853
 2521      211.992
 2522      212.235
 2523      212.403
 2524      212.408
 2525      212.460
 2526      212.808
 2527      212.851
 2528      212.862
 2529      212.955
 2530      213.095
 2531      213.154
 2532      213.219
 2533      213.277
 2534      213.599
 2535      213.838
 2536      213.917
 2537      213.954
 2538      214.396
 2539      214.674
 2540      214.780
 2541      215.378
 2542      215.789
 2543      216.014
 2544      216.196
 2545      216.356
 2546      216.825
 2547      216.868
 2548      217.174
 2549      217.394
 2550      217.507
 2551      217.666
 2552      217.846
 2553      218.208
 2554      218.445
 2555      218.536
 2556      218.901
 2557      219.466
 2558      219.618
 2559      219.728
 2560      220.345
 2561      220.644
 2562      221.292
 2563      221.369
 2564      221.627
 2565      221.686
 2566      221.800
 2567      222.061
 2568      222.343
 2569      222.608
 2570      222.710
 2571      222.722
 2572      222.984
 2573      223.306
 2574      223.639
 2575      223.663
 2576      223.876
 2577      223.904
 2578      224.179
 2579      224.554
 2580      224.664
 2581      225.441
 2582      225.971
 2583      226.551
 2584      227.482
 2585      228.940
 2586      229.118
 2587      229.735
 2588      230.793
 2589      231.419
 2590      231.754
 2591      232.574
 2592      233.977
 2593      234.069
 2594      234.365
 2595      235.116
 2596      236.596
 2597      236.849
 2598      237.131
 2599      237.388
 2600      238.376
 2601      238.417
 2602      238.657
 2603      239.133
 2604      240.069
 2605      240.484
 2606      240.575
 2607      240.847
 2608      242.203
 2609      243.062
 2610      243.680
Conformational isomers are listed in the same line:
12 14 
15 18 
19 21 
20 22 
25 33 
26 34 
35 36 
48 52 
57 59 60 68 72 73 83 
76 77 84 88 89 109 113 115 117 118 136 141 164 172 
80 81 
85 86 111 112 114 128 129 139 153 155 
87 90 
91 92 
94 100 101 130 142 
96 98 
97 123 147 
102 104 154 
103 106 110 
107 131 134 143 152 156 160 163 181 183 
108 133 140 
116 120 125 
122 144 
132 162 
145 148 
158 170 
159 175 
165 182 
166 167 178 185 
168 174 
179 190 
180 193 
194 197 207 
198 199 
201 218 
202 205 
203 210 
209 216 
211 233 243 
220 222 
223 250 
236 242 
237 246 253 264 
239 241 
247 257 
254 260 
268 269 271 
272 293 
277 323 
284 285 
289 302 
295 346 
299 318 
303 324 
305 370 
307 315 
317 332 339 344 
325 350 351 357 386 408 
329 360 
337 359 395 
338 374 
355 383 391 424 430 439 448 
358 372 379 409 
361 364 390 392 417 
362 367 369 371 415 440 
363 366 
368 382 
376 399 
380 441 459 
381 406 
385 421 426 450 
397 410 
402 423 429 
411 452 
412 425 
414 471 
427 435 
432 444 
433 451 518 
437 447 
449 466 487 535 
454 524 
455 474 
457 464 
458 463 472 
460 477 
470 488 550 605 
473 484 
479 502 
481 510 
490 491 
494 546 
498 506 551 
499 504 519 
500 508 
505 513 
512 534 566 576 581 583 598 643 647 655 656 668 695 719 750 787 839 905 
520 590 
538 627 
539 584 
541 563 615 
544 634 649 661 667 
549 560 
553 633 
557 606 
558 628 
570 624 
571 592 626 682 
577 604 648 718 
580 593 599 618 645 666 
612 620 675 678 690 700 701 771 805 963 
617 1091 
619 625 641 691 692 708 716 725 727 729 731 734 747 761 789 793 795 798 813 820 827 844 851 877 914 940 
621 698 
630 870 
631 693 
635 640 688 746 802 816 965 
654 888 
670 720 762 810 854 
683 685 
686 694 699 
689 759 
697 712 715 768 
711 772 
714 733 
717 757 
722 764 803 
730 778 
738 739 784 808 
740 856 921 947 
741 783 
744 801 
748 749 
751 752 
756 765 767 831 840 850 869 911 916 917 980 998 
760 780 
776 790 
792 910 
794 858 949 976 
809 825 
812 834 895 909 912 
814 862 894 
815 853 
818 830 836 
823 932 
828 842 
833 878 
835 866 875 931 937 956 
841 861 
846 885 897 929 
847 859 
849 1087 
868 891 923 938 978 
872 890 902 
880 907 
892 918 1123 1126 
898 908 
899 960 966 
904 977 
924 1001 
926 927 
933 1029 
935 1015 1068 
941 953 969 
942 987 
944 961 979 981 
945 970 1181 
975 1196 1243 1265 1384 
982 1011 
988 1030 
996 1104 1109 1117 1138 1210 1215 
1000 1061 1084 
1002 1043 1047 1090 1100 1101 1121 
1005 1045 1178 
1006 1082 
1007 1035 
1010 1106 1260 1289 
1012 1069 
1014 1051 
1018 1040 1096 1132 1144 1186 
1024 1037 1057 1085 
1028 1190 
1031 1038 1080 1095 
1032 1070 
1039 1044 1050 1072 1157 
1041 1208 1244 1322 
1048 1134 
1055 1111 1150 1153 1158 
1065 1102 1273 
1078 1097 1124 1125 
1081 1105 1114 1166 1201 
1086 1108 
1089 1116 
1092 1131 1139 1148 1198 
1103 1172 1245 
1110 1387 
1113 1192 
1118 1160 
1122 1272 
1127 1133 1155 1183 
1128 1141 
1136 1214 1218 1296 
1142 1252 
1151 1154 
1156 1165 
1163 1189 1240 1299 1313 1373 
1167 1379 1397 
1169 1292 1320 1385 
1170 1206 
1176 1184 
1177 1285 1462 
1182 1237 1259 1315 
1185 1207 
1187 1271 
1188 1254 
1191 1268 
1200 1202 1264 1266 
1204 1231 1246 1257 
1205 1305 
1209 1220 1255 1269 1281 
1216 1224 1274 
1219 1223 1229 1232 1275 1276 1284 1288 1295 1334 
1225 1258 
1228 1332 
1230 1287 
1233 1317 
1236 1253 1277 1293 1343 
1242 1262 
1247 1291 1298 1306 1349 
1256 1329 
1261 1326 
1270 1278 1279 1283 
1282 1314 1338 1412 
1297 1339 1369 1381 1464 1473 1478 1482 
1307 1328 1340 
1319 1346 
1325 1360 1377 
1327 1333 1354 1358 1380 1405 1415 1419 1445 1450 
1330 1347 1353 
1331 1335 
1341 1344 
1351 1361 1398 1400 1401 
1356 1435 1436 
1357 1394 
1362 1364 
1363 1366 
1365 1416 1527 
1372 1431 1434 
1376 1444 
1382 1439 1454 
1383 1424 
1386 1411 1440 
1389 1410 1443 1460 
1392 1420 1455 1477 
1393 1438 1522 
1395 1448 
1396 1402 1489 1501 
1404 1428 1447 1476 1492 1510 
1406 1408 
1413 1432 
1423 1508 1524 
1426 1525 
1442 1457 
1451 1481 1485 1516 1519 
1452 1496 1559 1587 
1458 1517 
1459 1513 1540 
1465 1497 
1467 1495 1568 
1470 1557 
1475 1534 1570 
1479 1539 
1483 1491 
1484 1595 
1487 1610 
1488 1546 1571 
1498 1530 
1499 1521 
1512 1518 1605 1636 
1526 1548 1655 
1532 1566 
1536 1545 1549 1561 
1538 1554 
1555 1574 
1556 1569 1573 
1567 1639 1675 
1572 1594 1598 
1582 1596 1603 1619 1621 1625 1634 1638 1644 1645 1646 1677 
1590 1593 
1600 1681 
1606 1647 
1607 1648 1683 
1615 1641 1664 1695 
1616 1618 1679 
1623 1632 
1627 1706 
1637 1716 1730 
1650 1656 1693 
1651 1703 1765 
1653 1668 1669 1672 
1657 1738 1841 1920 
1671 1696 
1673 1690 1713 
1674 1680 
1676 1701 
1684 1686 
1685 1704 1976 
1688 1692 1694 
1689 1724 
1697 1735 1821 
1702 1767 
1707 1723 1729 1740 
1708 1712 
1714 2056 
1715 1771 
1717 1721 
1718 1758 
1732 1787 
1733 1736 
1741 1773 
1743 1805 
1748 1753 1755 1763 
1751 1752 
1754 1766 
1760 1799 
1774 1839 1843 1847 
1775 1783 1814 
1777 1875 1943 
1778 1797 1807 1811 1833 1935 1982 2060 
1782 1835 1896 
1785 1788 1848 1850 
1791 1831 1845 
1793 1816 
1794 1803 1832 
1795 1810 
1801 1855 1903 1912 1933 1964 1966 1967 
1804 1829 1846 
1812 1840 1927 1945 1983 
1817 1910 
1818 1828 
1819 1924 1948 
1820 1838 
1827 1866 1881 1883 
1830 1859 
1834 1893 
1844 1892 1913 1946 
1849 2014 
1854 1876 1917 1925 
1856 1865 1878 1901 1951 1968 1993 
1862 1942 
1864 1867 
1869 1879 
1871 1919 1936 1949 
1873 1928 
1874 1877 1991 
1882 1931 
1884 1921 1975 2000 2039 
1889 1939 1940 1950 
1894 1923 1926 1980 
1895 1963 
1900 1932 1957 1974 2041 
1922 2040 2110 2126 2135 
1938 2052 
1952 1987 
1953 1958 
1956 1961 1989 
1960 2024 2028 2031 2033 2047 
1971 1981 1995 
1973 2038 2140 
1977 2042 
1978 2029 
1986 2005 
1992 2077 
1994 2196 
1996 2026 2075 
1997 2027 
2013 2036 2062 2130 
2016 2046 
2020 2025 2034 2068 
2030 2050 2111 
2035 2073 
2037 2054 2074 2081 2107 
2044 2076 
2048 2070 
2049 2072 2091 
2064 2087 2105 2132 2151 2163 2192 2194 2195 2227 2246 2270 2275 2276 
2067 2112 
2082 2114 2116 
2083 2094 2101 
2084 2089 2109 
2090 2098 
2092 2148 2169 
2093 2097 
2103 2137 
2106 2118 2125 2128 2129 
2115 2122 
2121 2141 
2123 2124 
2127 2186 2197 2213 2215 
2142 2157 
2143 2310 
2146 2177 2244 
2149 2174 
2153 2159 2182 
2154 2155 
2156 2162 
2164 2187 2238 
2166 2168 
2167 2180 2183 2262 2278 2322 2345 
2184 2317 
2191 2199 2222 2235 2242 2249 2294 
2193 2237 
2201 2241 
2202 2225 
2205 2216 
2207 2220 2221 
2208 2224 
2210 2228 
2212 2255 
2214 2217 2229 2236 2252 2253 2257 
2223 2230 2263 2273 
2226 2231 
2232 2234 
2233 2260 2269 2282 
2240 2272 
2247 2261 
2256 2266 2277 
2274 2300 
2279 2318 
2280 2281 
2283 2291 2376 
2284 2290 2303 
2287 2328 2341 
2289 2331 2338 2342 2343 2393 
2293 2321 2335 2358 
2296 2297 
2302 2308 
2304 2309 2311 2312 2320 
2315 2340 
2319 2323 2334 2337 
2325 2355 
2326 2332 2333 
2330 2383 2384 
2336 2388 2417 2420 
2344 2348 
2346 2351 2357 2372 
2350 2368 2378 2386 2401 
2352 2374 2392 2431 
2353 2356 
2364 2369 
2379 2389 2405 2411 2416 
2390 2421 
2394 2407 
2397 2400 
2399 2404 
2403 2447 2451 
2406 2409 
2410 2415 
2412 2426 
2413 2427 2440 
2428 2432 
2429 2435 2448 
2439 2441 
2442 2444 2446 2479 2499 
2450 2456 2473 2491 2494 2497 
2453 2470 
2455 2495 
2457 2463 2477 
2459 2464 2478 2482 2483 
2462 2480 
2465 2493 2517 
2468 2486 
2471 2496 2502 
2474 2500 2501 2506 
2475 2488 2508 
2481 2485 
2498 2503 2504 2505 
2509 2515 2544 
2511 2581 
2514 2520 2522 2533 
2518 2521 2530 
2523 2525 
2529 2532 
2531 2537 2538 2540 2542 
2535 2548 2553 
2543 2552 
2547 2556 2559 
2550 2576 
2554 2557 
2558 2565 2590 
2560 2563 2566 2567 
2561 2562 2570 2572 2586 2587 2588 2589 
2564 2569 2577 2579 
2568 2583 2585 
2573 2582 
2574 2575 2580 
2591 2596 2599 
2592 2594 2600 2601 2604 
2593 2595 2598 
2597 2605 2607 2608 2609 
2602 2610 
2603 2606 
