TS  #    DE(kcal/mol)
    1       31.012
    2       37.225
    3       39.255
    4       67.134
    5       72.063
    6       72.099
    7       72.173
    8       73.755
    9       73.834
   10       76.347
   11       76.664
   12       79.125
   13       80.657
   14       80.670
   15       80.899
   16       81.676
   17       81.948
   18       85.617
   19       85.915
   20       88.861
   21       89.102
   22       90.809
   23       91.404
   24       92.120
   25       92.349
   26       92.596
   27       94.192
   28       95.024
   29       95.239
   30       95.360
   31       96.280
   32       96.489
   33       96.786
   34       96.959
   35       97.109
   36       97.462
   37       97.597
   38       98.983
   39       99.078
   40       99.109
   41       99.350
   42      100.625
   43      100.658
   44      100.772
   45      101.276
   46      101.427
   47      101.468
   48      101.830
   49      102.104
   50      102.431
   51      102.703
   52      103.126
   53      103.403
   54      103.817
   55      103.928
   56      104.119
   57      104.827
   58      105.433
   59      105.506
   60      105.933
   61      105.944
   62      105.975
   63      106.003
   64      106.207
   65      106.236
   66      106.495
   67      107.004
   68      107.043
   69      107.309
   70      107.345
   71      107.492
   72      107.649
   73      107.739
   74      107.982
   75      108.368
   76      108.615
   77      108.747
   78      108.937
   79      109.094
   80      109.462
   81      109.616
   82      110.052
   83      110.121
   84      110.231
   85      110.241
   86      110.315
   87      110.370
   88      110.611
   89      110.892
   90      111.114
   91      111.136
   92      111.334
   93      111.590
   94      111.594
   95      111.645
   96      111.712
   97      111.915
   98      112.182
   99      112.292
  100      112.330
  101      112.465
  102      112.492
  103      112.675
  104      112.761
  105      113.044
  106      113.086
  107      113.198
  108      113.333
  109      113.334
  110      113.484
  111      113.540
  112      113.644
  113      113.653
  114      113.879
  115      113.909
  116      114.155
  117      114.345
  118      114.353
  119      114.388
  120      114.762
  121      114.935
  122      114.951
  123      115.001
  124      115.198
  125      115.224
  126      115.255
  127      115.311
  128      115.345
  129      115.366
  130      115.550
  131      115.601
  132      115.948
  133      116.040
  134      116.109
  135      116.126
  136      116.199
  137      116.532
  138      116.563
  139      116.640
  140      116.688
  141      117.060
  142      117.150
  143      117.162
  144      117.176
  145      117.472
  146      117.538
  147      117.602
  148      117.649
  149      117.964
  150      118.214
  151      118.383
  152      118.392
  153      118.480
  154      118.577
  155      118.937
  156      118.959
  157      119.216
  158      119.224
  159      119.226
  160      119.300
  161      119.548
  162      119.551
  163      119.635
  164      119.797
  165      119.907
  166      119.911
  167      120.014
  168      120.207
  169      120.278
  170      120.415
  171      120.481
  172      120.538
  173      120.776
  174      121.386
  175      121.497
  176      121.541
  177      121.608
  178      121.678
  179      121.695
  180      121.807
  181      121.826
  182      121.828
  183      121.879
  184      121.899
  185      121.962
  186      122.368
  187      122.400
  188      122.445
  189      122.509
  190      122.576
  191      122.619
  192      122.637
  193      122.790
  194      122.878
  195      123.165
  196      123.294
  197      123.398
  198      123.508
  199      123.552
  200      123.635
  201      123.698
  202      123.781
  203      123.835
  204      123.876
  205      124.022
  206      124.035
  207      124.138
  208      124.165
  209      124.303
  210      124.436
  211      124.463
  212      124.533
  213      124.709
  214      124.807
  215      124.831
  216      124.971
  217      125.069
  218      125.125
  219      125.303
  220      125.397
  221      125.882
  222      126.037
  223      126.164
  224      126.196
  225      126.217
  226      126.266
  227      126.288
  228      126.310
  229      126.410
  230      126.514
  231      126.640
  232      126.743
  233      126.815
  234      127.047
  235      127.057
  236      127.379
  237      127.502
  238      127.593
  239      127.597
  240      127.798
  241      127.831
  242      127.942
  243      128.058
  244      128.142
  245      128.149
  246      128.198
  247      128.284
  248      128.426
  249      128.519
  250      128.529
  251      128.727
  252      128.760
  253      128.779
  254      128.783
  255      128.834
  256      129.001
  257      129.040
  258      129.064
  259      129.122
  260      129.137
  261      129.175
  262      129.336
  263      129.427
  264      129.435
  265      129.574
  266      129.682
  267      129.725
  268      129.791
  269      129.936
  270      130.017
  271      130.065
  272      130.102
  273      130.136
  274      130.211
  275      130.295
  276      130.407
  277      130.424
  278      130.568
  279      130.596
  280      130.658
  281      130.818
  282      130.837
  283      130.895
  284      130.952
  285      131.006
  286      131.033
  287      131.073
  288      131.215
  289      131.259
  290      131.263
  291      131.274
  292      131.359
  293      131.363
  294      131.474
  295      131.501
  296      131.542
  297      131.602
  298      131.636
  299      131.704
  300      131.760
  301      131.784
  302      131.837
  303      131.923
  304      131.985
  305      132.017
  306      132.116
  307      132.241
  308      132.312
  309      132.408
  310      132.456
  311      132.491
  312      132.494
  313      132.646
  314      132.667
  315      132.689
  316      132.891
  317      132.909
  318      133.020
  319      133.033
  320      133.077
  321      133.202
  322      133.398
  323      133.411
  324      133.412
  325      133.426
  326      133.490
  327      133.647
  328      133.682
  329      133.790
  330      133.900
  331      133.958
  332      134.057
  333      134.066
  334      134.156
  335      134.193
  336      134.212
  337      134.242
  338      134.270
  339      134.406
  340      134.618
  341      134.780
  342      134.788
  343      134.810
  344      134.893
  345      134.907
  346      134.909
  347      135.033
  348      135.241
  349      135.243
  350      135.287
  351      135.381
  352      135.424
  353      135.429
  354      135.440
  355      135.474
  356      135.556
  357      135.577
  358      135.706
  359      135.774
  360      135.841
  361      135.878
  362      136.043
  363      136.156
  364      136.185
  365      136.186
  366      136.238
  367      136.273
  368      136.362
  369      136.366
  370      136.377
  371      136.471
  372      136.493
  373      136.533
  374      136.569
  375      136.611
  376      136.640
  377      136.666
  378      136.675
  379      136.708
  380      136.788
  381      136.803
  382      136.820
  383      136.884
  384      136.918
  385      136.931
  386      136.999
  387      137.045
  388      137.075
  389      137.138
  390      137.139
  391      137.176
  392      137.198
  393      137.279
  394      137.342
  395      137.349
  396      137.371
  397      137.412
  398      137.425
  399      137.470
  400      137.485
  401      137.533
  402      137.546
  403      137.672
  404      137.676
  405      137.834
  406      137.924
  407      137.958
  408      138.015
  409      138.031
  410      138.057
  411      138.085
  412      138.098
  413      138.099
  414      138.158
  415      138.164
  416      138.250
  417      138.273
  418      138.360
  419      138.382
  420      138.395
  421      138.596
  422      138.612
  423      138.647
  424      138.652
  425      138.665
  426      138.758
  427      138.760
  428      138.766
  429      138.849
  430      138.962
  431      138.978
  432      139.061
  433      139.066
  434      139.115
  435      139.139
  436      139.211
  437      139.253
  438      139.278
  439      139.299
  440      139.360
  441      139.414
  442      139.417
  443      139.513
  444      139.574
  445      139.583
  446      139.594
  447      139.698
  448      139.700
  449      139.710
  450      139.726
  451      139.740
  452      139.788
  453      139.828
  454      139.853
  455      139.896
  456      139.921
  457      139.931
  458      140.084
  459      140.181
  460      140.230
  461      140.241
  462      140.260
  463      140.264
  464      140.265
  465      140.279
  466      140.356
  467      140.356
  468      140.374
  469      140.526
  470      140.576
  471      140.634
  472      140.717
  473      140.757
  474      140.849
  475      140.869
  476      140.899
  477      140.942
  478      140.943
  479      140.961
  480      141.030
  481      141.057
  482      141.072
  483      141.098
  484      141.190
  485      141.212
  486      141.256
  487      141.307
  488      141.341
  489      141.347
  490      141.350
  491      141.391
  492      141.428
  493      141.475
  494      141.511
  495      141.513
  496      141.521
  497      141.585
  498      141.750
  499      141.779
  500      141.817
  501      141.860
  502      141.864
  503      142.000
  504      142.026
  505      142.043
  506      142.049
  507      142.107
  508      142.142
  509      142.148
  510      142.151
  511      142.178
  512      142.225
  513      142.240
  514      142.343
  515      142.502
  516      142.591
  517      142.602
  518      142.624
  519      142.638
  520      142.742
  521      142.926
  522      142.936
  523      142.984
  524      143.222
  525      143.231
  526      143.239
  527      143.353
  528      143.356
  529      143.414
  530      143.569
  531      143.577
  532      143.600
  533      143.635
  534      143.687
  535      143.703
  536      143.747
  537      143.827
  538      143.865
  539      143.875
  540      144.031
  541      144.121
  542      144.137
  543      144.182
  544      144.185
  545      144.205
  546      144.240
  547      144.316
  548      144.389
  549      144.447
  550      144.492
  551      144.529
  552      144.547
  553      144.586
  554      144.620
  555      144.677
  556      144.709
  557      144.761
  558      144.762
  559      144.776
  560      144.808
  561      144.882
  562      144.910
  563      145.078
  564      145.120
  565      145.132
  566      145.134
  567      145.254
  568      145.291
  569      145.303
  570      145.353
  571      145.355
  572      145.384
  573      145.435
  574      145.481
  575      145.576
  576      145.596
  577      145.619
  578      145.684
  579      145.764
  580      145.833
  581      145.843
  582      145.944
  583      145.962
  584      145.987
  585      145.988
  586      145.995
  587      146.010
  588      146.027
  589      146.065
  590      146.070
  591      146.101
  592      146.199
  593      146.240
  594      146.259
  595      146.313
  596      146.361
  597      146.432
  598      146.479
  599      146.558
  600      146.715
  601      146.803
  602      146.822
  603      146.862
  604      146.871
  605      146.978
  606      147.025
  607      147.029
  608      147.094
  609      147.207
  610      147.215
  611      147.328
  612      147.336
  613      147.349
  614      147.401
  615      147.478
  616      147.565
  617      147.598
  618      147.606
  619      147.645
  620      147.650
  621      147.695
  622      147.697
  623      147.714
  624      147.794
  625      147.824
  626      147.835
  627      147.856
  628      147.873
  629      147.880
  630      147.920
  631      147.931
  632      147.932
  633      147.971
  634      147.983
  635      148.089
  636      148.089
  637      148.144
  638      148.204
  639      148.275
  640      148.476
  641      148.556
  642      148.612
  643      148.622
  644      148.635
  645      148.668
  646      148.674
  647      148.699
  648      148.797
  649      148.803
  650      148.841
  651      148.860
  652      148.887
  653      148.907
  654      148.950
  655      149.067
  656      149.078
  657      149.090
  658      149.099
  659      149.118
  660      149.141
  661      149.194
  662      149.199
  663      149.222
  664      149.348
  665      149.381
  666      149.433
  667      149.533
  668      149.575
  669      149.644
  670      149.665
  671      149.709
  672      149.721
  673      149.783
  674      149.823
  675      149.886
  676      149.894
  677      149.922
  678      150.019
  679      150.020
  680      150.044
  681      150.147
  682      150.164
  683      150.280
  684      150.307
  685      150.350
  686      150.353
  687      150.355
  688      150.387
  689      150.426
  690      150.459
  691      150.463
  692      150.490
  693      150.695
  694      150.709
  695      150.710
  696      150.756
  697      150.823
  698      150.880
  699      150.918
  700      150.926
  701      150.945
  702      151.038
  703      151.088
  704      151.142
  705      151.149
  706      151.188
  707      151.210
  708      151.301
  709      151.381
  710      151.389
  711      151.417
  712      151.446
  713      151.455
  714      151.527
  715      151.596
  716      151.656
  717      151.707
  718      151.728
  719      151.738
  720      151.743
  721      151.804
  722      151.813
  723      151.824
  724      151.829
  725      151.850
  726      151.899
  727      151.921
  728      151.940
  729      151.942
  730      151.947
  731      152.010
  732      152.099
  733      152.106
  734      152.189
  735      152.361
  736      152.428
  737      152.439
  738      152.510
  739      152.643
  740      152.797
  741      152.818
  742      152.823
  743      152.833
  744      152.887
  745      152.990
  746      152.997
  747      153.075
  748      153.226
  749      153.231
  750      153.235
  751      153.305
  752      153.349
  753      153.364
  754      153.412
  755      153.473
  756      153.492
  757      153.546
  758      153.581
  759      153.624
  760      153.626
  761      153.687
  762      153.853
  763      153.880
  764      153.900
  765      153.944
  766      154.024
  767      154.103
  768      154.181
  769      154.233
  770      154.253
  771      154.267
  772      154.272
  773      154.342
  774      154.439
  775      154.444
  776      154.460
  777      154.461
  778      154.516
  779      154.607
  780      154.620
  781      154.671
  782      154.725
  783      154.844
  784      154.856
  785      154.985
  786      155.012
  787      155.107
  788      155.146
  789      155.187
  790      155.196
  791      155.210
  792      155.244
  793      155.283
  794      155.329
  795      155.411
  796      155.421
  797      155.431
  798      155.504
  799      155.537
  800      155.578
  801      155.584
  802      155.682
  803      155.835
  804      155.856
  805      155.877
  806      155.921
  807      156.000
  808      156.067
  809      156.140
  810      156.180
  811      156.188
  812      156.202
  813      156.235
  814      156.244
  815      156.245
  816      156.259
  817      156.365
  818      156.392
  819      156.449
  820      156.452
  821      156.493
  822      156.512
  823      156.541
  824      156.541
  825      156.596
  826      156.745
  827      156.840
  828      156.850
  829      156.896
  830      156.914
  831      156.929
  832      156.939
  833      156.955
  834      156.972
  835      157.030
  836      157.053
  837      157.065
  838      157.265
  839      157.268
  840      157.271
  841      157.283
  842      157.302
  843      157.306
  844      157.486
  845      157.512
  846      157.516
  847      157.612
  848      157.614
  849      157.638
  850      157.671
  851      157.829
  852      157.841
  853      157.867
  854      157.881
  855      157.927
  856      157.982
  857      157.985
  858      157.991
  859      157.991
  860      158.062
  861      158.090
  862      158.101
  863      158.145
  864      158.216
  865      158.289
  866      158.322
  867      158.382
  868      158.402
  869      158.452
  870      158.491
  871      158.623
  872      158.668
  873      158.758
  874      158.824
  875      158.861
  876      158.894
  877      158.914
  878      158.931
  879      158.986
  880      159.024
  881      159.031
  882      159.055
  883      159.080
  884      159.102
  885      159.177
  886      159.212
  887      159.218
  888      159.254
  889      159.378
  890      159.381
  891      159.420
  892      159.463
  893      159.471
  894      159.517
  895      159.545
  896      159.549
  897      159.566
  898      159.599
  899      159.687
  900      159.708
  901      159.801
  902      159.802
  903      159.855
  904      159.863
  905      159.977
  906      159.981
  907      160.030
  908      160.088
  909      160.156
  910      160.171
  911      160.190
  912      160.364
  913      160.374
  914      160.381
  915      160.449
  916      160.457
  917      160.458
  918      160.525
  919      160.527
  920      160.587
  921      160.635
  922      160.689
  923      160.723
  924      160.738
  925      160.759
  926      160.809
  927      160.905
  928      160.957
  929      161.157
  930      161.163
  931      161.255
  932      161.327
  933      161.340
  934      161.342
  935      161.363
  936      161.419
  937      161.460
  938      161.493
  939      161.510
  940      161.525
  941      161.556
  942      161.588
  943      161.606
  944      161.634
  945      161.635
  946      161.661
  947      161.681
  948      161.720
  949      161.767
  950      161.785
  951      161.808
  952      161.866
  953      162.049
  954      162.073
  955      162.101
  956      162.129
  957      162.201
  958      162.219
  959      162.326
  960      162.330
  961      162.341
  962      162.351
  963      162.356
  964      162.364
  965      162.370
  966      162.373
  967      162.382
  968      162.383
  969      162.471
  970      162.483
  971      162.490
  972      162.580
  973      162.645
  974      162.660
  975      162.683
  976      162.724
  977      162.744
  978      162.749
  979      162.785
  980      162.826
  981      162.853
  982      163.054
  983      163.179
  984      163.251
  985      163.337
  986      163.343
  987      163.343
  988      163.376
  989      163.437
  990      163.440
  991      163.442
  992      163.451
  993      163.461
  994      163.580
  995      163.609
  996      163.652
  997      163.684
  998      163.689
  999      163.731
 1000      163.764
 1001      163.791
 1002      163.816
 1003      163.844
 1004      163.852
 1005      163.858
 1006      163.966
 1007      163.969
 1008      163.974
 1009      164.069
 1010      164.154
 1011      164.175
 1012      164.231
 1013      164.233
 1014      164.253
 1015      164.267
 1016      164.303
 1017      164.312
 1018      164.344
 1019      164.370
 1020      164.431
 1021      164.526
 1022      164.592
 1023      164.641
 1024      164.693
 1025      164.735
 1026      164.741
 1027      164.822
 1028      164.839
 1029      164.927
 1030      164.934
 1031      165.106
 1032      165.188
 1033      165.208
 1034      165.218
 1035      165.251
 1036      165.263
 1037      165.272
 1038      165.293
 1039      165.325
 1040      165.422
 1041      165.431
 1042      165.444
 1043      165.465
 1044      165.495
 1045      165.529
 1046      165.560
 1047      165.574
 1048      165.579
 1049      165.649
 1050      165.680
 1051      165.721
 1052      165.766
 1053      166.110
 1054      166.184
 1055      166.213
 1056      166.239
 1057      166.280
 1058      166.355
 1059      166.386
 1060      166.394
 1061      166.404
 1062      166.415
 1063      166.461
 1064      166.467
 1065      166.519
 1066      166.521
 1067      166.634
 1068      166.766
 1069      166.783
 1070      166.824
 1071      166.922
 1072      166.957
 1073      166.976
 1074      166.989
 1075      167.008
 1076      167.059
 1077      167.080
 1078      167.139
 1079      167.142
 1080      167.161
 1081      167.173
 1082      167.238
 1083      167.240
 1084      167.315
 1085      167.423
 1086      167.427
 1087      167.440
 1088      167.488
 1089      167.527
 1090      167.542
 1091      167.576
 1092      167.629
 1093      167.640
 1094      167.704
 1095      167.719
 1096      167.729
 1097      167.732
 1098      167.735
 1099      167.756
 1100      167.775
 1101      167.857
 1102      167.876
 1103      167.885
 1104      167.901
 1105      167.944
 1106      168.023
 1107      168.037
 1108      168.131
 1109      168.134
 1110      168.163
 1111      168.221
 1112      168.246
 1113      168.259
 1114      168.390
 1115      168.405
 1116      168.421
 1117      168.442
 1118      168.608
 1119      168.617
 1120      168.623
 1121      168.625
 1122      168.660
 1123      168.843
 1124      168.899
 1125      168.948
 1126      168.950
 1127      168.963
 1128      169.009
 1129      169.013
 1130      169.072
 1131      169.112
 1132      169.117
 1133      169.133
 1134      169.178
 1135      169.197
 1136      169.251
 1137      169.261
 1138      169.334
 1139      169.371
 1140      169.376
 1141      169.381
 1142      169.394
 1143      169.394
 1144      169.550
 1145      169.652
 1146      169.675
 1147      169.794
 1148      169.871
 1149      169.914
 1150      169.930
 1151      169.941
 1152      169.944
 1153      169.959
 1154      169.965
 1155      170.059
 1156      170.061
 1157      170.170
 1158      170.173
 1159      170.208
 1160      170.267
 1161      170.295
 1162      170.317
 1163      170.340
 1164      170.342
 1165      170.371
 1166      170.437
 1167      170.482
 1168      170.515
 1169      170.529
 1170      170.572
 1171      170.601
 1172      170.626
 1173      170.662
 1174      170.676
 1175      170.682
 1176      170.787
 1177      170.792
 1178      170.794
 1179      170.898
 1180      170.905
 1181      171.102
 1182      171.165
 1183      171.270
 1184      171.272
 1185      171.298
 1186      171.374
 1187      171.396
 1188      171.399
 1189      171.428
 1190      171.430
 1191      171.433
 1192      171.453
 1193      171.456
 1194      171.465
 1195      171.486
 1196      171.494
 1197      171.507
 1198      171.533
 1199      171.672
 1200      171.704
 1201      171.772
 1202      171.777
 1203      171.794
 1204      171.817
 1205      171.877
 1206      171.897
 1207      171.970
 1208      172.262
 1209      172.263
 1210      172.272
 1211      172.274
 1212      172.322
 1213      172.346
 1214      172.374
 1215      172.418
 1216      172.452
 1217      172.563
 1218      172.589
 1219      172.618
 1220      172.699
 1221      172.723
 1222      172.772
 1223      172.802
 1224      172.831
 1225      172.832
 1226      172.957
 1227      173.019
 1228      173.033
 1229      173.106
 1230      173.119
 1231      173.131
 1232      173.156
 1233      173.156
 1234      173.212
 1235      173.247
 1236      173.283
 1237      173.319
 1238      173.347
 1239      173.386
 1240      173.416
 1241      173.490
 1242      173.530
 1243      173.557
 1244      173.561
 1245      173.577
 1246      173.612
 1247      173.634
 1248      173.639
 1249      173.738
 1250      173.767
 1251      173.825
 1252      173.859
 1253      173.902
 1254      173.929
 1255      173.948
 1256      174.057
 1257      174.095
 1258      174.101
 1259      174.103
 1260      174.161
 1261      174.189
 1262      174.196
 1263      174.221
 1264      174.237
 1265      174.304
 1266      174.305
 1267      174.364
 1268      174.415
 1269      174.455
 1270      174.535
 1271      174.537
 1272      174.592
 1273      174.611
 1274      174.662
 1275      174.683
 1276      174.688
 1277      174.704
 1278      174.792
 1279      174.806
 1280      174.834
 1281      174.835
 1282      174.992
 1283      175.029
 1284      175.062
 1285      175.088
 1286      175.140
 1287      175.184
 1288      175.238
 1289      175.318
 1290      175.350
 1291      175.364
 1292      175.365
 1293      175.444
 1294      175.490
 1295      175.511
 1296      175.546
 1297      175.564
 1298      175.635
 1299      175.647
 1300      175.705
 1301      175.714
 1302      175.718
 1303      175.724
 1304      175.748
 1305      175.768
 1306      175.927
 1307      176.022
 1308      176.023
 1309      176.103
 1310      176.140
 1311      176.269
 1312      176.275
 1313      176.292
 1314      176.372
 1315      176.395
 1316      176.403
 1317      176.411
 1318      176.521
 1319      176.550
 1320      176.580
 1321      176.581
 1322      176.610
 1323      176.641
 1324      176.673
 1325      176.675
 1326      176.717
 1327      176.758
 1328      176.823
 1329      176.855
 1330      176.875
 1331      176.892
 1332      176.921
 1333      176.990
 1334      176.994
 1335      177.004
 1336      177.090
 1337      177.092
 1338      177.137
 1339      177.313
 1340      177.408
 1341      177.453
 1342      177.453
 1343      177.483
 1344      177.490
 1345      177.490
 1346      177.548
 1347      177.616
 1348      177.639
 1349      177.645
 1350      177.656
 1351      177.690
 1352      177.816
 1353      177.832
 1354      177.867
 1355      177.885
 1356      177.935
 1357      177.987
 1358      178.101
 1359      178.111
 1360      178.173
 1361      178.244
 1362      178.259
 1363      178.324
 1364      178.328
 1365      178.367
 1366      178.410
 1367      178.481
 1368      178.497
 1369      178.507
 1370      178.559
 1371      178.636
 1372      178.708
 1373      178.743
 1374      178.775
 1375      178.821
 1376      178.822
 1377      178.909
 1378      178.916
 1379      178.965
 1380      179.060
 1381      179.123
 1382      179.158
 1383      179.225
 1384      179.230
 1385      179.243
 1386      179.263
 1387      179.319
 1388      179.326
 1389      179.342
 1390      179.422
 1391      179.614
 1392      179.668
 1393      179.744
 1394      179.764
 1395      179.765
 1396      179.852
 1397      180.066
 1398      180.070
 1399      180.092
 1400      180.109
 1401      180.151
 1402      180.206
 1403      180.320
 1404      180.346
 1405      180.497
 1406      180.510
 1407      180.534
 1408      180.562
 1409      180.641
 1410      180.651
 1411      180.687
 1412      180.718
 1413      180.774
 1414      180.821
 1415      180.851
 1416      180.863
 1417      180.871
 1418      180.907
 1419      180.929
 1420      180.936
 1421      181.096
 1422      181.103
 1423      181.191
 1424      181.246
 1425      181.278
 1426      181.320
 1427      181.328
 1428      181.335
 1429      181.363
 1430      181.386
 1431      181.445
 1432      181.448
 1433      181.486
 1434      181.532
 1435      181.534
 1436      181.606
 1437      181.615
 1438      181.623
 1439      181.697
 1440      181.720
 1441      181.808
 1442      181.831
 1443      181.890
 1444      181.908
 1445      181.974
 1446      182.018
 1447      182.233
 1448      182.412
 1449      182.417
 1450      182.514
 1451      182.519
 1452      182.538
 1453      182.627
 1454      182.642
 1455      182.652
 1456      182.656
 1457      182.666
 1458      182.713
 1459      182.944
 1460      183.032
 1461      183.038
 1462      183.066
 1463      183.093
 1464      183.168
 1465      183.180
 1466      183.187
 1467      183.213
 1468      183.287
 1469      183.325
 1470      183.360
 1471      183.387
 1472      183.430
 1473      183.434
 1474      183.536
 1475      183.583
 1476      183.634
 1477      183.653
 1478      183.656
 1479      183.663
 1480      183.674
 1481      183.682
 1482      183.737
 1483      183.868
 1484      183.900
 1485      183.995
 1486      184.018
 1487      184.050
 1488      184.051
 1489      184.086
 1490      184.113
 1491      184.113
 1492      184.121
 1493      184.172
 1494      184.201
 1495      184.212
 1496      184.234
 1497      184.293
 1498      184.355
 1499      184.357
 1500      184.420
 1501      184.520
 1502      184.575
 1503      184.587
 1504      184.590
 1505      184.681
 1506      184.719
 1507      184.752
 1508      184.783
 1509      184.959
 1510      185.090
 1511      185.100
 1512      185.105
 1513      185.114
 1514      185.142
 1515      185.145
 1516      185.232
 1517      185.302
 1518      185.355
 1519      185.362
 1520      185.456
 1521      185.465
 1522      185.481
 1523      185.492
 1524      185.498
 1525      185.498
 1526      185.584
 1527      185.649
 1528      185.655
 1529      185.674
 1530      185.813
 1531      185.836
 1532      185.889
 1533      185.973
 1534      185.985
 1535      186.002
 1536      186.012
 1537      186.082
 1538      186.103
 1539      186.160
 1540      186.172
 1541      186.279
 1542      186.309
 1543      186.439
 1544      186.465
 1545      186.468
 1546      186.472
 1547      186.474
 1548      186.495
 1549      186.556
 1550      186.588
 1551      186.635
 1552      186.638
 1553      186.681
 1554      186.757
 1555      186.834
 1556      186.905
 1557      186.907
 1558      186.935
 1559      186.950
 1560      187.073
 1561      187.137
 1562      187.149
 1563      187.189
 1564      187.202
 1565      187.393
 1566      187.449
 1567      187.476
 1568      187.503
 1569      187.510
 1570      187.573
 1571      187.679
 1572      187.702
 1573      187.751
 1574      187.807
 1575      187.852
 1576      188.006
 1577      188.130
 1578      188.133
 1579      188.183
 1580      188.255
 1581      188.264
 1582      188.321
 1583      188.363
 1584      188.440
 1585      188.454
 1586      188.460
 1587      188.524
 1588      188.545
 1589      188.604
 1590      188.627
 1591      188.742
 1592      188.755
 1593      188.791
 1594      188.809
 1595      188.845
 1596      188.848
 1597      188.855
 1598      188.915
 1599      188.993
 1600      189.023
 1601      189.181
 1602      189.223
 1603      189.249
 1604      189.255
 1605      189.277
 1606      189.295
 1607      189.396
 1608      189.514
 1609      189.572
 1610      189.579
 1611      189.580
 1612      189.582
 1613      189.622
 1614      189.671
 1615      189.678
 1616      189.685
 1617      189.717
 1618      189.748
 1619      189.760
 1620      189.763
 1621      189.799
 1622      189.877
 1623      189.894
 1624      189.920
 1625      190.000
 1626      190.031
 1627      190.054
 1628      190.080
 1629      190.095
 1630      190.190
 1631      190.414
 1632      190.437
 1633      190.443
 1634      190.445
 1635      190.515
 1636      190.553
 1637      190.583
 1638      190.641
 1639      190.660
 1640      190.778
 1641      190.889
 1642      190.941
 1643      190.980
 1644      191.035
 1645      191.047
 1646      191.149
 1647      191.180
 1648      191.188
 1649      191.260
 1650      191.300
 1651      191.331
 1652      191.395
 1653      191.493
 1654      191.493
 1655      191.540
 1656      191.803
 1657      191.809
 1658      191.825
 1659      191.835
 1660      191.864
 1661      191.928
 1662      191.935
 1663      192.021
 1664      192.044
 1665      192.055
 1666      192.072
 1667      192.073
 1668      192.137
 1669      192.162
 1670      192.166
 1671      192.238
 1672      192.280
 1673      192.283
 1674      192.319
 1675      192.373
 1676      192.377
 1677      192.382
 1678      192.389
 1679      192.401
 1680      192.408
 1681      192.434
 1682      192.453
 1683      192.458
 1684      192.459
 1685      192.464
 1686      192.490
 1687      192.515
 1688      192.579
 1689      192.727
 1690      192.741
 1691      192.781
 1692      192.801
 1693      192.803
 1694      192.838
 1695      192.844
 1696      192.847
 1697      192.873
 1698      192.882
 1699      192.993
 1700      192.994
 1701      193.019
 1702      193.026
 1703      193.039
 1704      193.185
 1705      193.203
 1706      193.231
 1707      193.321
 1708      193.356
 1709      193.441
 1710      193.489
 1711      193.612
 1712      193.732
 1713      193.748
 1714      193.758
 1715      193.778
 1716      193.780
 1717      193.792
 1718      193.815
 1719      193.911
 1720      193.937
 1721      193.957
 1722      193.966
 1723      194.035
 1724      194.047
 1725      194.201
 1726      194.203
 1727      194.214
 1728      194.257
 1729      194.288
 1730      194.300
 1731      194.352
 1732      194.517
 1733      194.538
 1734      194.556
 1735      194.643
 1736      194.670
 1737      194.672
 1738      194.745
 1739      194.765
 1740      194.775
 1741      194.777
 1742      194.804
 1743      194.868
 1744      194.870
 1745      194.870
 1746      194.942
 1747      195.031
 1748      195.085
 1749      195.148
 1750      195.213
 1751      195.271
 1752      195.325
 1753      195.445
 1754      195.603
 1755      195.836
 1756      195.863
 1757      195.881
 1758      195.899
 1759      195.914
 1760      195.934
 1761      195.939
 1762      195.968
 1763      196.020
 1764      196.066
 1765      196.153
 1766      196.166
 1767      196.291
 1768      196.413
 1769      196.442
 1770      196.522
 1771      196.541
 1772      196.575
 1773      196.693
 1774      196.696
 1775      196.774
 1776      196.841
 1777      196.857
 1778      196.871
 1779      196.958
 1780      196.966
 1781      196.997
 1782      197.065
 1783      197.206
 1784      197.239
 1785      197.260
 1786      197.318
 1787      197.351
 1788      197.397
 1789      197.522
 1790      197.566
 1791      197.584
 1792      197.593
 1793      197.602
 1794      197.606
 1795      197.682
 1796      197.717
 1797      197.756
 1798      197.767
 1799      197.805
 1800      197.857
 1801      197.883
 1802      197.897
 1803      197.903
 1804      197.914
 1805      197.967
 1806      198.026
 1807      198.052
 1808      198.071
 1809      198.091
 1810      198.096
 1811      198.100
 1812      198.158
 1813      198.165
 1814      198.183
 1815      198.201
 1816      198.229
 1817      198.259
 1818      198.317
 1819      198.321
 1820      198.358
 1821      198.419
 1822      198.440
 1823      198.454
 1824      198.525
 1825      198.526
 1826      198.584
 1827      198.611
 1828      198.655
 1829      198.743
 1830      198.796
 1831      198.801
 1832      198.845
 1833      198.848
 1834      198.859
 1835      198.867
 1836      198.943
 1837      198.979
 1838      199.040
 1839      199.064
 1840      199.171
 1841      199.218
 1842      199.222
 1843      199.231
 1844      199.239
 1845      199.287
 1846      199.294
 1847      199.360
 1848      199.394
 1849      199.402
 1850      199.537
 1851      199.782
 1852      199.793
 1853      199.803
 1854      199.816
 1855      199.900
 1856      199.961
 1857      200.116
 1858      200.144
 1859      200.207
 1860      200.245
 1861      200.259
 1862      200.293
 1863      200.317
 1864      200.332
 1865      200.429
 1866      200.842
 1867      200.884
 1868      200.940
 1869      200.967
 1870      200.969
 1871      201.016
 1872      201.043
 1873      201.073
 1874      201.190
 1875      201.252
 1876      201.275
 1877      201.292
 1878      201.304
 1879      201.343
 1880      201.358
 1881      201.402
 1882      201.409
 1883      201.410
 1884      201.540
 1885      201.594
 1886      201.630
 1887      201.692
 1888      201.739
 1889      201.805
 1890      201.836
 1891      201.912
 1892      202.066
 1893      202.092
 1894      202.104
 1895      202.108
 1896      202.152
 1897      202.182
 1898      202.310
 1899      202.343
 1900      202.477
 1901      202.483
 1902      202.488
 1903      202.534
 1904      202.572
 1905      202.587
 1906      202.616
 1907      202.630
 1908      202.691
 1909      202.700
 1910      202.824
 1911      202.840
 1912      202.932
 1913      202.943
 1914      202.975
 1915      202.984
 1916      203.112
 1917      203.195
 1918      203.235
 1919      203.296
 1920      203.308
 1921      203.344
 1922      203.413
 1923      203.474
 1924      203.607
 1925      203.804
 1926      203.818
 1927      203.873
 1928      203.969
 1929      204.050
 1930      204.137
 1931      204.239
 1932      204.312
 1933      204.346
 1934      204.412
 1935      204.455
 1936      204.461
 1937      204.462
 1938      204.500
 1939      204.533
 1940      204.622
 1941      204.702
 1942      204.737
 1943      204.888
 1944      204.920
 1945      204.938
 1946      205.028
 1947      205.038
 1948      205.080
 1949      205.137
 1950      205.163
 1951      205.212
 1952      205.221
 1953      205.719
 1954      205.749
 1955      205.773
 1956      205.825
 1957      205.908
 1958      206.056
 1959      206.058
 1960      206.136
 1961      206.172
 1962      206.202
 1963      206.213
 1964      206.218
 1965      206.226
 1966      206.241
 1967      206.293
 1968      206.445
 1969      206.537
 1970      206.576
 1971      206.584
 1972      206.738
 1973      206.857
 1974      206.958
 1975      206.976
 1976      206.999
 1977      207.300
 1978      207.308
 1979      207.403
 1980      207.417
 1981      207.538
 1982      207.542
 1983      207.706
 1984      207.795
 1985      207.826
 1986      207.842
 1987      207.877
 1988      207.958
 1989      208.011
 1990      208.030
 1991      208.047
 1992      208.055
 1993      208.113
 1994      208.262
 1995      208.283
 1996      208.327
 1997      208.409
 1998      208.456
 1999      208.541
 2000      208.563
 2001      208.629
 2002      208.724
 2003      208.792
 2004      208.828
 2005      208.837
 2006      208.855
 2007      208.908
 2008      208.953
 2009      208.969
 2010      209.110
 2011      209.234
 2012      209.255
 2013      209.261
 2014      209.270
 2015      209.273
 2016      209.332
 2017      209.436
 2018      209.503
 2019      209.509
 2020      209.606
 2021      209.646
 2022      209.709
 2023      209.826
 2024      209.919
 2025      209.955
 2026      210.032
 2027      210.151
 2028      210.219
 2029      210.241
 2030      210.332
 2031      210.390
 2032      210.427
 2033      210.498
 2034      210.569
 2035      210.616
 2036      210.659
 2037      210.662
 2038      210.721
 2039      210.750
 2040      210.785
 2041      210.932
 2042      211.169
 2043      211.203
 2044      211.246
 2045      211.267
 2046      211.360
 2047      211.380
 2048      211.382
 2049      211.431
 2050      211.447
 2051      211.555
 2052      211.618
 2053      211.621
 2054      211.705
 2055      211.778
 2056      211.807
 2057      211.906
 2058      211.907
 2059      211.921
 2060      212.155
 2061      212.182
 2062      212.257
 2063      212.401
 2064      212.437
 2065      212.442
 2066      212.459
 2067      212.507
 2068      212.663
 2069      212.710
 2070      212.710
 2071      212.714
 2072      212.726
 2073      212.831
 2074      213.037
 2075      213.041
 2076      213.046
 2077      213.057
 2078      213.080
 2079      213.114
 2080      213.141
 2081      213.334
 2082      213.357
 2083      213.420
 2084      213.439
 2085      213.480
 2086      213.542
 2087      213.592
 2088      213.657
 2089      213.730
 2090      213.737
 2091      213.825
 2092      213.917
 2093      213.943
 2094      213.960
 2095      213.988
 2096      214.060
 2097      214.092
 2098      214.111
 2099      214.132
 2100      214.235
 2101      214.245
 2102      214.317
 2103      214.431
 2104      214.441
 2105      214.488
 2106      214.501
 2107      214.750
 2108      214.836
 2109      214.838
 2110      214.881
 2111      214.911
 2112      214.911
 2113      214.932
 2114      214.957
 2115      214.969
 2116      214.998
 2117      215.051
 2118      215.153
 2119      215.526
 2120      215.552
 2121      215.641
 2122      215.688
 2123      215.702
 2124      215.731
 2125      215.797
 2126      215.883
 2127      215.951
 2128      216.164
 2129      216.212
 2130      216.399
 2131      216.431
 2132      216.503
 2133      216.540
 2134      216.666
 2135      216.786
 2136      216.902
 2137      217.035
 2138      217.097
 2139      217.147
 2140      217.283
 2141      217.341
 2142      217.402
 2143      217.425
 2144      217.520
 2145      217.585
 2146      217.614
 2147      217.683
 2148      217.689
 2149      217.694
 2150      217.714
 2151      217.903
 2152      217.947
 2153      217.996
 2154      218.048
 2155      218.156
 2156      218.167
 2157      218.169
 2158      218.393
 2159      218.444
 2160      218.496
 2161      218.592
 2162      218.701
 2163      218.738
 2164      218.868
 2165      218.881
 2166      218.990
 2167      218.995
 2168      219.074
 2169      219.196
 2170      219.306
 2171      219.356
 2172      219.550
 2173      219.604
 2174      219.708
 2175      219.766
 2176      219.902
 2177      220.069
 2178      220.098
 2179      220.160
 2180      220.177
 2181      220.345
 2182      220.409
 2183      220.410
 2184      220.496
 2185      220.562
 2186      220.624
 2187      220.678
 2188      220.787
 2189      220.855
 2190      221.100
 2191      221.122
 2192      221.263
 2193      221.396
 2194      221.474
 2195      221.503
 2196      221.848
 2197      221.861
 2198      221.959
 2199      222.108
 2200      222.272
 2201      222.298
 2202      222.303
 2203      222.464
 2204      222.571
 2205      222.613
 2206      222.842
 2207      222.874
 2208      222.884
 2209      222.938
 2210      222.972
 2211      223.144
 2212      223.144
 2213      223.203
 2214      223.259
 2215      223.303
 2216      223.400
 2217      223.542
 2218      223.620
 2219      223.711
 2220      223.832
 2221      223.840
 2222      223.900
 2223      223.913
 2224      223.972
 2225      224.202
 2226      224.301
 2227      224.324
 2228      224.361
 2229      224.463
 2230      224.584
 2231      224.587
 2232      224.591
 2233      224.877
 2234      224.912
 2235      224.932
 2236      224.984
 2237      225.295
 2238      225.663
 2239      225.895
 2240      225.991
 2241      226.119
 2242      226.136
 2243      226.163
 2244      226.168
 2245      226.189
 2246      226.204
 2247      226.304
 2248      226.448
 2249      226.882
 2250      226.910
 2251      226.955
 2252      226.996
 2253      227.034
 2254      227.094
 2255      227.109
 2256      227.115
 2257      227.127
 2258      227.141
 2259      227.220
 2260      227.504
 2261      227.607
 2262      227.642
 2263      227.674
 2264      227.767
 2265      227.813
 2266      227.821
 2267      227.837
 2268      227.877
 2269      227.925
 2270      228.236
 2271      228.400
 2272      228.400
 2273      228.443
 2274      228.553
 2275      228.593
 2276      228.602
 2277      228.791
 2278      229.393
 2279      229.561
 2280      229.649
 2281      229.710
 2282      229.736
 2283      229.920
 2284      230.079
 2285      230.088
 2286      230.244
 2287      230.317
 2288      230.395
 2289      230.451
 2290      230.537
 2291      230.554
 2292      230.655
 2293      230.656
 2294      230.707
 2295      230.720
 2296      230.783
 2297      230.882
 2298      230.948
 2299      231.312
 2300      231.415
 2301      231.523
 2302      231.696
 2303      231.712
 2304      231.727
 2305      231.752
 2306      231.769
 2307      231.839
 2308      231.927
 2309      232.520
 2310      232.647
 2311      232.729
 2312      232.784
 2313      232.944
 2314      233.162
 2315      233.188
 2316      233.266
 2317      233.278
 2318      233.379
 2319      233.508
 2320      233.610
 2321      233.612
 2322      233.623
 2323      233.661
 2324      233.929
 2325      233.942
 2326      233.955
 2327      234.070
 2328      234.100
 2329      234.117
 2330      234.267
 2331      234.346
 2332      234.372
 2333      234.465
 2334      234.615
 2335      234.793
 2336      234.903
 2337      234.965
 2338      235.182
 2339      235.197
 2340      235.503
 2341      235.632
 2342      235.943
 2343      236.073
 2344      236.202
 2345      236.224
 2346      236.270
 2347      236.358
 2348      236.373
 2349      236.658
 2350      236.697
 2351      236.937
 2352      236.962
 2353      237.003
 2354      237.129
 2355      237.148
 2356      237.394
 2357      237.442
 2358      237.445
 2359      237.482
 2360      237.742
 2361      237.767
 2362      237.846
 2363      237.876
 2364      238.069
 2365      238.109
 2366      238.125
 2367      238.143
 2368      238.214
 2369      238.314
 2370      238.346
 2371      238.416
 2372      238.623
 2373      238.745
 2374      238.761
 2375      238.836
 2376      238.836
 2377      238.907
 2378      238.945
 2379      239.186
 2380      239.192
 2381      239.208
 2382      239.290
 2383      239.660
 2384      239.740
 2385      239.752
 2386      239.816
 2387      240.065
 2388      240.113
 2389      240.132
 2390      240.548
 2391      240.570
 2392      240.651
 2393      240.722
 2394      241.110
 2395      241.496
 2396      241.686
 2397      241.930
 2398      242.117
 2399      242.231
 2400      242.293
 2401      242.500
 2402      242.660
 2403      242.668
 2404      243.199
 2405      243.279
 2406      243.345
 2407      243.485
 2408      243.638
 2409      243.720
 2410      243.771
 2411      243.912
 2412      244.054
 2413      244.345
 2414      244.349
 2415      244.527
 2416      244.560
 2417      244.743
 2418      244.921
 2419      245.158
 2420      245.207
 2421      245.444
 2422      245.533
 2423      245.893
 2424      246.193
 2425      246.234
 2426      246.745
 2427      246.937
 2428      247.356
 2429      247.817
 2430      248.403
 2431      248.452
 2432      248.576
 2433      248.593
 2434      248.595
 2435      248.617
 2436      248.823
 2437      248.892
 2438      248.915
 2439      248.956
 2440      249.466
 2441      249.947
 2442      250.245
 2443      250.395
 2444      250.430
 2445      250.746
 2446      250.782
 2447      250.783
 2448      250.850
 2449      252.016
 2450      252.133
 2451      252.216
 2452      252.296
Conformational isomers are listed in the same line:
1 51 
1330 1369 
358 359 
255 273 
39 45 573 
214 2168 
46 126 
47 346 
53 55 
63 65 809 
1289 1315 
699 1367 
84 1237 
86 93 
88 240 
89 102 
195 241 
373 397 
587 676 
781 864 
100 1054 
116 151 
125 167 
416 467 506 514 
611 701 
143 147 
252 527 
513 1048 
318 1136 
460 462 480 521 
565 618 
154 258 
156 1278 
271 1627 
201 237 
208 229 
1020 1029 
228 261 298 
230 816 
231 433 
250 315 
253 308 
878 906 930 958 961 
284 321 
296 331 
310 378 382 
1588 1666 
330 338 
332 362 425 
335 336 344 364 400 
341 353 424 
348 421 
368 399 408 439 
638 679 
355 539 
372 375 
394 423 509 818 
406 533 
418 996 
456 559 582 613 617 1764 1767 
469 619 631 
473 486 
476 479 
477 520 
492 532 
494 541 
511 529 564 
518 588 
522 696 
542 547 
551 560 
552 585 659 
1115 1159 1221 
568 609 
570 577 610 624 
575 604 
847 995 1454 
595 616 629 666 
599 620 627 
603 605 608 612 657 690 
632 633 
634 642 
644 650 
658 694 
660 714 
664 692 710 759 
667 726 
673 808 
697 700 760 
703 750 
706 736 
707 786 
723 738 757 
747 753 
754 800 869 
764 1269 
766 844 
1477 1499 1611 1629 
1596 1620 1624 1709 
779 857 
785 922 
798 834 
887 936 
831 881 
876 900 915 
943 959 
837 841 890 923 
875 937 
908 1008 
909 928 
932 989 
933 944 965 974 2098 
942 1058 
1130 1198 
953 972 
954 977 
964 1028 
1961 1999 
1004 1043 
1014 1094 
1671 1681 
1019 1120 
1032 1078 
1033 1089 1095 
1035 1087 1196 
1039 1065 
1049 1088 
1527 1610 
1053 1064 
1056 1063 
1212 1813 
1073 1104 
1085 1309 
1096 1099 1113 
1106 1116 1157 1216 1236 
1114 1138 
1133 1211 
1154 1688 
1158 1184 
1179 1189 
1180 1183 
1194 1202 
1199 1222 
1203 1235 
1214 1228 1327 
1217 1243 
1229 1230 1233 1234 1254 1306 1335 1350 
1240 1292 
1250 1296 
1256 1261 
1643 1697 
1280 1288 
1566 1747 1757 1898 1902 
1742 1748 
1786 2017 
2007 2083 
1348 1382 
1319 1329 1358 1360 1444 
1755 1777 1841 
1340 1479 
1365 1383 
1374 1415 
1395 1462 
1396 1452 1869 1882 
1407 1409 1939 
1416 1450 
1418 1794 
1439 1607 
1456 1535 
1467 1501 
1476 1881 2162 
1495 1973 1975 
1739 1783 
1517 1543 
1522 1524 1578 
1889 1925 
1540 1541 1602 
1557 1631 
1562 1579 2044 
1575 1586 
1979 2009 2029 
1597 1684 
1599 1634 
1614 1795 
1626 1646 
1639 1695 
1641 1672 
1659 1694 
1661 2102 
1691 1718 
1700 1800 
1860 1888 
1710 1762 2349 
1712 1765 1832 
1722 1817 
1727 1775 2313 
1736 1836 
1812 1945 
1769 1787 
1807 1906 
1819 1859 
1824 2010 2101 
1826 2023 
1855 1919 
1977 1984 
1981 2027 
2006 2097 2141 
2030 2056 
2076 2086 
2078 2104 
2084 2131 
2100 2142 
2111 2121 2155 
2160 2203 2209 2210 2237 2259 
2175 2206 2219 
2178 2183 
2190 2195 
2200 2227 2407 
2216 2250 
2223 2254 2257 
2235 2263 
2268 2282 
2279 2285 2308 2310 2411 
2287 2301 
2386 2394 
2420 2428 
2312 2345 
2321 2341 
2333 2388 
2362 2370 2374 
2366 2396 
2385 2410 
2395 2437 
2408 2425 
2415 2417 
